0 0 0 0 0 0
0 0 0 0 0 0
0 0 0 0 0 0
0 0 0 0 0 0
0 0 0 0 0 0
0 0 0 0 0 0
0 0 0 0 0 0
0 0 0 0 0 0
0 0 0 0 0 0
0 0 0 0 0 0
0 0 0 0 0 0
0 0 0 0 0 0
0 0 0 0 0 0
0 0 0 0 0 0
0 0 0 0 0 0
0 0 0 0 0 0
0 0 0 0 0 0
0 0 0 0 0 0
0 0 0 0 0 0
0 0 0 0 0 0
0 0 0 0 0 0
0 0 0 0 0 0
0 0 0 0 0 0
0 0 0 0 0 0
0 0 0 0 0 0
0 0 0 0 0 0
0 0 0 0 0 0
0 0 0 0 0 0
0 0 0 0 0 0
0 0 0 0 0 0
0 0 0 0 0 0
0 0 0 0 0 0
0 0 0 0 0 0
0 0 0 0 0 0
0 0 0 0 0 0
0 0 0 0 0 0
0 0 0 0 0 0
0 0 0 0 0 0
0 0 0 0 0 0
0 0 0 0 0 0
0 0 0 0 0 0
0 0 0 0 0 0
0 0 0 0 0 0
0 0 0 0 0 0
0 0 0 0 0 0
0 0 0 0 0 0
0 0 0 0 0 0
0 0 0 0 0 0
0 0 0 0 0 0
0 0 0 0 0 0
0 0 0 0 0 0
0 0 0 0 0 0
0 0 0 0 0 0
0 0 0 0 0 0
0 0 0 0 0 0
0 0 0 0 0 0
0 0 0 0 0 0
0 0 0 0 0 0
0 0 0 0 0 0
0 0 0 0 2 0
0 0 0 0 5 0
0 0 0 0 6 -2
0 0 0 0 7 -2
0 0 0 0 10 -2
0 0 0 0 16 -2
0 0 0 0 21 -3
0 0 0 0 29 -3
0 0 0 0 35 -3
0 0 0 0 39 -3
0 0 0 0 46 -3
0 0 0 0 52 -3
0 0 0 0 56 -3
0 0 0 0 58 -3
0 0 0 0 60 -3
0 0 0 0 70 -3
0 0 0 0 76 -3
0 0 0 0 83 -3
0 0 0 0 87 -3
0 0 0 0 103 -1
0 0 0 0 108 -1
0 0 0 0 116 1
0 0 0 0 130 3
0 0 0 0 139 4
0 0 0 0 142 4
0 0 0 0 153 4
0 0 0 0 167 8
0 0 0 0 178 10
0 0 0 0 194 12
0 0 0 0 204 14
0 0 0 0 220 16
0 0 0 0 241 18
0 0 0 0 251 18
0 0 0 0 262 18
0 0 0 0 273 18
0 0 0 0 281 20
0 0 0 0 299 22
0 0 0 0 313 24
0 0 0 0 326 26
0 0 0 0 337 28
0 0 0 0 351 30
0 0 0 0 366 32
0 0 0 0 396 38
0 0 0 0 406 40
0 0 0 0 422 40
0 0 0 0 435 42
0 0 0 0 448 44
0 0 0 0 459 46
0 0 0 0 468 46
0 0 0 0 479 47
0 0 0 0 488 49
0 0 0 0 493 51
0 0 0 0 497 51
0 0 0 0 504 52
0 0 0 0 519 54
0 0 0 0 519 54
0 0 0 0 535 57
0 0 0 0 545 57
0 0 0 0 560 61
0 0 0 0 563 61
0 0 0 0 576 61
0 0 0 0 587 61
0 0 0 0 600 61
0 0 0 0 609 61
0 0 0 0 611 61
0 0 0 0 615 61
0 0 0 0 621 61
0 0 0 0 624 61
0 0 0 0 629 61
0 0 0 0 630 61
0 0 0 0 640 61
0 0 0 0 648 61
0 0 0 0 654 61
0 0 0 0 663 61
0 0 0 0 674 61
0 0 0 0 681 61
0 0 0 0 695 61
0 0 0 0 710 61
0 0 0 0 721 61
0 0 0 0 734 61
0 0 0 0 747 61
0 0 0 0 774 61
0 0 0 0 789 61
0 0 0 0 807 61
0 0 0 0 812 61
0 0 0 0 825 61
0 0 0 0 843 63
0 0 0 0 860 66
0 0 0 0 873 68
0 0 0 0 880 68
0 0 0 0 891 70
0 0 0 0 904 72
0 0 0 0 930 72
0 0 0 0 954 72
0 0 0 0 967 72
0 0 0 0 972 72
0 0 0 0 985 72
0 0 0 0 1008 72
0 0 0 0 1025 72
0 0 0 0 1036 74
0 0 0 0 1049 74
0 0 0 0 1066 76
0 0 0 0 1072 76
0 0 0 0 1098 76
0 0 0 0 1116 76
0 0 0 0 1119 76
0 0 0 0 1134 76
0 0 0 0 1147 76
0 0 0 0 1160 76
0 0 0 0 1180 76
0 0 0 0 1193 76
0 0 0 0 1214 76
0 0 0 0 1234 76
0 0 0 0 1252 76
0 0 0 0 1255 76
0 0 0 0 1286 76
0 0 0 0 1304 76
0 0 0 0 1307 76
0 0 0 0 1318 76
0 0 0 0 1326 76
0 0 0 0 1339 76
0 0 0 0 1347 76
0 0 0 0 1357 76
0 0 0 0 1361 76
0 0 0 0 1370 76
0 0 0 0 1374 76
0 0 0 0 1378 76
0 0 0 0 1380 76
0 0 0 0 1393 76
0 0 0 0 1399 76
0 0 0 0 1404 76
0 0 0 0 1408 76
0 0 0 0 1415 76
0 0 0 0 1416 76
0 0 0 0 1422 76
0 0 0 0 1427 76
0 0 0 0 1442 76
0 0 0 0 1449 76
0 0 0 0 1457 76
0 0 0 0 1463 76
0 0 0 0 1471 76
0 0 0 0 1474 76
0 0 0 0 1487 75
0 0 0 0 1496 75
0 0 0 0 1507 75
0 0 0 0 1517 75
0 0 0 0 1525 75
0 0 0 0 1536 75
0 0 0 0 1557 75
0 0 0 0 1567 75
0 0 0 0 1590 75
0 0 0 0 1605 75
0 0 0 0 1619 75
0 0 0 0 1630 75
0 0 0 0 1640 75
0 0 0 0 1658 75
0 0 0 0 1672 75
0 0 0 0 1685 75
0 0 0 0 1698 75
0 0 0 0 1718 75
0 0 0 0 1731 75
0 0 0 0 1734 75
0 0 0 0 1737 75
0 0 0 0 1763 75
0 0 0 0 1776 75
0 0 0 0 1779 75
0 0 0 0 1790 75
0 0 0 0 1805 75
0 0 0 0 1813 75
0 0 0 0 1823 75
0 0 0 0 1832 75
0 0 0 0 1846 75
0 0 0 0 1852 75
0 0 0 0 1861 75
0 0 0 0 1867 75
0 0 0 0 1872 75
0 0 0 0 1887 75
0 0 0 0 1896 75
0 0 0 0 1903 75
0 0 0 0 1911 75
0 0 0 0 1918 75
0 0 0 0 1924 75
0 0 0 0 1936 74
0 0 0 0 1942 71
0 0 0 0 1948 71
0 0 0 0 1954 69
0 0 0 0 1960 69
0 0 0 0 1966 68
0 0 0 0 1981 66
0 0 0 0 1983 66
0 0 0 0 1995 62
0 0 0 0 2003 61
0 0 0 0 2014 59
0 0 0 0 2025 57
0 0 0 0 2049 51
0 0 0 0 2060 49
0 0 0 0 2069 49
0 0 0 0 2080 47
0 0 0 0 2087 46
0 0 0 0 2098 44
0 0 0 0 2120 40
0 0 0 0 2130 38
0 0 0 0 2138 38
0 0 0 0 2149 34
0 0 0 0 2160 32
0 0 0 0 2171 31
0 0 0 0 2187 28
0 0 0 0 2213 23
0 0 0 0 2224 21
0 0 0 0 2234 21
0 0 0 0 2245 17
0 0 0 0 2256 17
0 0 0 0 2264 16
0 0 0 0 2270 14
0 0 0 0 2283 12
0 0 0 0 2287 11
0 0 0 0 2294 11
0 0 0 0 2302 7
0 0 0 0 2306 5
0 0 0 0 2312 5
0 0 0 0 2327 0
0 0 0 0 2333 -3
0 0 0 0 2342 -5
0 0 0 0 2351 -9
0 0 0 0 2358 -12
0 0 0 0 2362 -14
0 0 0 0 2380 -21
0 0 0 0 2388 -24
0 0 0 0 2400 -27
0 0 0 0 2409 -31
0 0 0 0 2416 -34
0 0 0 0 2425 -38
0 0 0 0 2434 -41
0 0 0 0 2443 -45
0 0 0 0 2453 -48
0 0 0 0 2462 -52
0 0 0 0 2470 -56
0 0 0 0 2491 -64
0 0 0 0 2499 -67
0 0 0 0 2502 -69
0 0 0 0 2514 -73
0 0 0 0 2519 -74
0 0 0 0 2520 -76
0 0 0 0 2525 -77
0 0 0 0 2529 -79
0 0 0 0 2538 -83
0 0 0 0 2540 -83
0 0 0 0 2544 -85
0 0 0 0 2547 -86
0 0 0 0 2552 -89
0 0 0 0 2556 -91
0 0 0 0 2563 -93
0 0 0 0 2568 -94
0 0 0 0 2572 -97
0 0 0 0 2578 -99
0 0 0 0 2585 -102
0 0 0 0 2593 -105
0 0 0 0 2609 -112
0 0 0 0 2610 -112
0 0 0 0 2619 -117
0 0 0 0 2630 -123
0 0 0 0 2636 -126
0 0 0 0 2644 -130
0 0 0 0 2656 -134
0 0 0 0 2665 -140
0 0 0 0 2672 -142
0 0 0 0 2678 -145
0 0 0 0 2687 -148
0 0 0 0 2690 -150
0 0 0 0 2696 -153
0 0 0 0 2710 -159
0 0 0 0 2719 -165
0 0 0 0 2724 -167
0 0 0 0 2731 -172
0 0 0 0 2740 -175
0 0 0 0 2749 -179
0 0 0 0 2766 -187
0 0 0 0 2777 -190
0 0 0 0 2788 -196
0 0 0 0 2796 -199
0 0 0 0 2805 -203
0 0 0 0 2813 -207
0 0 0 0 2828 -214
0 0 0 0 2835 -217
0 0 0 0 2840 -220
0 0 0 0 2849 -224
0 0 0 0 2858 -227
0 0 0 0 2866 -232
0 0 0 0 2878 -238
0 0 0 0 2889 -243
0 0 0 0 2894 -244
0 0 0 0 2900 -247
0 0 0 0 2907 -249
0 0 0 0 2911 -252
0 0 0 0 2916 -254
0 0 0 0 2921 -255
0 0 0 0 2932 -258
0 0 0 0 2935 -260
0 0 0 0 2940 -262
0 0 0 0 2944 -263
0 0 0 0 2951 -267
0 0 0 0 2963 -270
0 0 0 0 2971 -274
0 0 0 0 2978 -274
0 0 0 0 2983 -275
0 0 0 0 3001 -279
0 0 0 0 3011 -279
0 0 0 0 3017 -281
0 0 0 0 3026 -284
0 0 0 0 3034 -286
0 0 0 0 3035 -286
0 0 0 0 3053 -292
0 0 0 0 3054 -294
0 0 0 0 3061 -296
0 0 0 0 3069 -299
0 0 0 0 3076 -302
0 0 0 0 3080 -304
0 0 0 0 3085 -305
0 0 0 0 3092 -308
0 0 0 0 3095 -310
0 0 0 0 3100 -311
0 0 0 0 3104 -313
0 0 0 0 3109 -314
0 0 0 0 3118 -317
0 0 0 0 3125 -319
0 0 0 0 3128 -319
0 0 0 0 3134 -321
0 0 0 0 3144 -324
0 0 0 0 3150 -324
0 0 0 0 3160 -326
0 0 0 0 3163 -328
0 0 0 0 3178 -331
0 0 0 0 3184 -333
0 0 0 0 3192 -335
0 0 0 0 3197 -336
0 0 0 0 3215 -340
0 0 0 0 3225 -342
0 0 0 0 3227 -342
0 0 0 0 3241 -344
0 0 0 0 3249 -345
0 0 0 0 3258 -347
0 0 0 0 3268 -349
0 0 0 0 3276 -351
0 0 0 0 3285 -352
0 0 0 0 3286 -352
0 0 0 0 3296 -354
0 0 0 0 3297 -354
0 0 0 0 3302 -356
0 0 0 0 3310 -357
0 0 0 0 3314 -357
0 0 0 0 3319 -358
0 0 0 0 3321 -358
0 0 0 0 3326 -358
0 0 0 0 3329 -358
0 0 0 0 3336 -360
0 0 0 0 3345 -362
0 0 0 0 3352 -362
0 0 0 0 3360 -362
0 0 0 0 3364 -362
0 0 0 0 3373 -362
0 0 0 0 3377 -362
0 0 0 0 3380 -362
0 0 0 0 3383 -363
0 0 0 0 3386 -363
0 0 0 0 3387 -363
0 0 0 0 3389 -363
0 0 0 0 3390 -363
0 0 0 0 3392 -363
0 0 0 0 3394 -363
0 0 0 0 3396 -363
0 0 0 0 3397 -363
0 0 0 0 3399 -363
0 0 0 0 3402 -363
0 0 0 0 3403 -363
0 0 0 0 3404 -363
0 0 0 0 3404 -363
0 0 0 0 3404 -363
0 0 0 0 3404 -363
0 0 0 0 3404 -363
0 0 0 0 3404 -363
0 0 0 0 3404 -363
0 0 0 0 3404 -363
0 0 0 0 3404 -363
0 0 0 0 3404 -363
0 0 0 0 3404 -363
0 0 0 0 3404 -363
0 0 0 0 3403 -363
0 0 0 0 3401 -363
0 0 0 0 3400 -363
0 0 0 0 3397 -363
0 0 0 0 3395 -362
0 0 0 0 3390 -360
0 0 0 0 3388 -360
0 0 0 0 3385 -359
0 0 0 0 3383 -357
0 0 0 0 3377 -356
0 0 0 0 3372 -354
0 0 0 0 3369 -353
0 0 0 0 3363 -353
0 0 0 0 3355 -351
0 0 0 0 3343 -349
0 0 0 0 3338 -348
0 0 0 0 3334 -348
0 0 0 0 3333 -348
0 0 0 0 3325 -346
0 0 0 0 3324 -345
0 0 0 0 3322 -345
0 0 0 0 3320 -345
0 0 0 0 3315 -342
0 0 0 0 3312 -342
0 0 0 0 3308 -339
0 0 0 0 3301 -337
0 0 0 0 3285 -330
0 0 0 0 3285 -330
0 0 0 0 3274 -325
0 0 0 0 3271 -325
0 0 0 0 3268 -324
0 0 0 0 3267 -324
0 0 0 0 3265 -324
0 0 0 0 3262 -323
0 0 0 0 3261 -323
0 0 0 0 3258 -320
0 0 0 0 3248 -316
0 0 0 0 3236 -313
0 0 0 0 3224 -307
0 0 0 0 3213 -303
0 0 0 0 3202 -298
0 0 0 0 3191 -296
0 0 0 0 3175 -292
0 0 0 0 3164 -290
0 0 0 0 3154 -286
0 0 0 0 3141 -283
0 0 0 0 3136 -283
0 0 0 0 3135 -281
0 0 0 0 3134 -281
0 0 0 0 3131 -281
0 0 0 0 3128 -281
0 0 0 0 3120 -280
0 0 0 0 3117 -278
0 0 0 0 3116 -278
0 0 0 0 3108 -277
0 0 0 0 3099 -275
0 0 0 0 3081 -271
0 0 0 0 3072 -271
0 0 0 0 3064 -269
0 0 0 0 3054 -267
0 0 0 0 3043 -265
0 0 0 0 3024 -262
0 0 0 0 3013 -260
0 0 0 0 3000 -254
0 0 0 0 2997 -252
0 0 0 0 2980 -244
0 0 0 0 2958 -237
0 0 0 0 2955 -235
0 0 0 0 2941 -229
0 0 0 0 2930 -224
0 0 0 0 2921 -222
0 0 0 0 2909 -216
0 0 0 0 2898 -211
0 0 0 0 2896 -211
0 0 0 0 2888 -208
0 0 0 0 2880 -206
0 0 0 0 2853 -194
0 0 0 0 2842 -191
0 0 0 0 2838 -189
0 0 0 0 2827 -189
0 0 0 0 2814 -187
0 0 0 0 2806 -185
0 0 0 0 2801 -184
0 0 0 0 2789 -182
0 0 0 0 2785 -181
0 0 0 0 2782 -181
0 0 0 0 2779 -181
0 0 0 0 2776 -179
0 0 0 0 2773 -179
0 0 0 0 2765 -177
0 0 0 0 2761 -177
0 0 0 0 2759 -176
0 0 0 0 2753 -176
0 0 0 0 2747 -174
0 0 0 0 2738 -173
0 0 0 0 2732 -173
0 0 0 0 2725 -171
0 0 0 0 2715 -169
0 0 0 0 2710 -168
0 0 0 0 2707 -168
0 0 0 0 2700 -168
0 0 0 0 2696 -166
0 0 0 0 2691 -165
0 0 0 0 2690 -165
0 0 0 0 2686 -165
0 0 0 0 2681 -164
0 0 0 0 2679 -164
0 0 0 0 2677 -164
0 0 0 0 2674 -164
0 0 0 0 2665 -162
0 0 0 0 2656 -160
0 0 0 0 2648 -159
0 0 0 0 2647 -159
0 0 0 0 2639 -157
0 0 0 0 2632 -155
0 0 0 0 2618 -154
0 0 0 0 2614 -152
0 0 0 0 2583 -148
0 0 0 0 2570 -144
0 0 0 0 2560 -144
0 0 0 0 2549 -142
0 0 0 0 2525 -138
0 0 0 0 2498 -133
0 0 0 0 2490 -131
0 0 0 0 2483 -127
0 0 0 0 2480 -127
0 0 0 0 2475 -124
0 0 0 0 2472 -124
0 0 0 0 2465 -122
0 0 0 0 2459 -120
0 0 0 0 2451 -117
0 0 0 0 2449 -115
0 0 0 0 2441 -114
0 0 0 0 2431 -110
0 0 0 0 2418 -108
0 0 0 0 2386 -102
0 0 0 0 2370 -100
0 0 0 0 2367 -100
0 0 0 0 2359 -98
0 0 0 0 2354 -97
0 0 0 0 2351 -97
0 0 0 0 2348 -95
0 0 0 0 2341 -94
0 0 0 0 2341 -94
0 0 0 0 2332 -92
0 0 0 0 2332 -92
0 0 0 0 2332 -92
0 0 0 0 2323 -91
0 0 0 0 2320 -91
0 0 0 0 2315 -89
0 0 0 0 2305 -87
0 0 0 0 2299 -87
0 0 0 0 2294 -86
0 0 0 0 2288 -86
0 0 0 0 2284 -84
0 0 0 0 2269 -81
0 0 0 0 2261 -79
0 0 0 0 2250 -77
0 0 0 0 2248 -77
0 0 0 0 2233 -75
0 0 0 0 2221 -73
0 0 0 0 2210 -70
0 0 0 0 2194 -68
0 0 0 0 2178 -66
0 0 0 0 2165 -64
0 0 0 0 2157 -62
0 0 0 0 2146 -60
0 0 0 0 2130 -56
0 0 0 0 2123 -56
0 0 0 0 2117 -54
0 0 0 0 2113 -53
0 0 0 0 2109 -53
0 0 0 0 2104 -51
0 0 0 0 2092 -50
0 0 0 0 2085 -48
0 0 0 0 2080 -48
0 0 0 0 2075 -47
0 0 0 0 2069 -45
0 0 0 0 2062 -45
0 0 0 0 2053 -43
0 0 0 0 2050 -42
0 0 0 0 2048 -42
0 0 0 0 2047 -42
0 0 0 0 2044 -40
0 0 0 0 2041 -40
0 0 0 0 2040 -39
0 0 0 0 2039 -39
0 0 0 0 2032 -36
0 0 0 0 2028 -33
0 0 0 0 2021 -30
0 0 0 0 2007 -24
0 0 0 0 1998 -17
0 0 0 0 1989 -13
0 0 0 0 1980 -10
0 0 0 0 1975 -7
0 0 0 0 1972 -5
0 0 0 0 1969 -4
0 0 0 0 1966 2
0 0 0 0 1963 5
0 0 0 0 1962 8
0 0 0 0 1960 11
0 0 0 0 1956 14
0 0 0 0 1951 17
0 0 0 0 1948 21
0 0 0 0 1942 25
0 0 0 0 1941 26
0 0 0 0 1939 26
0 0 0 0 1939 26
0 0 0 0 1936 29
0 0 0 0 1933 32
0 0 0 0 1931 34
0 0 0 0 1928 35
0 0 0 0 1925 38
0 0 0 0 1922 41
0 0 0 0 1917 44
0 0 0 0 1916 44
0 0 0 0 1909 47
0 0 0 0 1902 53
0 0 0 0 1899 56
0 0 0 0 1896 58
0 0 0 0 1893 61
0 0 0 0 1893 61
0 0 0 0 1889 63
0 0 0 0 1886 65
0 0 0 0 1884 66
0 0 0 0 1880 69
0 0 0 0 1878 71
0 0 0 0 1876 74
0 0 0 0 1871 75
0 0 0 0 1870 76
0 0 0 0 1867 79
0 0 0 0 1863 83
0 0 0 0 1860 83
0 0 0 0 1857 86
0 0 0 0 1854 89
0 0 0 0 1853 91
0 0 0 0 1850 94
0 0 0 0 1845 95
0 0 0 0 1840 100
0 0 0 0 1837 103
0 0 0 0 1827 110
0 0 0 0 1823 113
0 0 0 0 1818 116
0 0 0 0 1817 117
0 0 0 0 1816 119
0 0 0 0 1810 123
0 0 0 0 1809 126
0 0 0 0 1808 129
0 0 0 0 1806 130
0 0 0 0 1803 133
0 0 0 0 1802 136
0 0 0 0 1799 139
0 0 0 0 1797 142
0 0 0 0 1792 149
0 0 0 0 1789 153
0 0 0 0 1785 160
0 0 0 0 1783 163
0 0 0 0 1780 166
0 0 0 0 1779 169
0 0 0 0 1776 170
0 0 0 0 1774 173
0 0 0 0 1774 176
0 0 0 0 1773 180
0 0 0 0 1773 182
0 0 0 0 1773 185
0 0 0 0 1773 187
0 0 0 0 1773 189
0 0 0 0 1772 192
0 0 0 0 1770 198
0 0 0 0 1767 207
0 0 0 0 1765 214
0 0 0 0 1764 217
0 0 0 0 1764 218
0 0 0 0 1764 221
0 0 0 0 1763 225
0 0 0 0 1763 226
0 0 0 0 1763 229
0 0 0 0 1761 234
0 0 0 0 1760 240
0 0 0 0 1758 241
0 0 0 0 1758 244
0 0 0 0 1758 247
0 0 0 0 1758 248
0 0 0 0 1757 250
0 0 0 0 1757 254
0 0 0 0 1755 260
0 0 0 0 1750 270
0 0 0 0 1748 275
0 0 0 0 1747 278
0 0 0 0 1746 279
0 0 0 0 1744 283
0 0 0 0 1744 287
0 0 0 0 1739 292
0 0 0 0 1736 297
0 0 0 0 1731 302
0 0 0 0 1727 306
0 0 0 0 1724 309
0 0 0 0 1721 312
0 0 0 0 1719 315
0 0 0 0 1715 316
0 0 0 0 1711 321
0 0 0 0 1704 326
0 0 0 0 1690 337
0 0 0 0 1687 338
0 0 0 0 1684 340
0 0 0 0 1682 341
0 0 0 0 1681 343
0 0 0 0 1678 343
0 0 0 0 1677 343
0 0 0 0 1674 344
0 0 0 0 1674 344
0 0 0 0 1672 345
0 0 0 0 1672 345
0 0 0 0 1672 345
0 0 0 0 1672 345
0 0 0 0 1672 345
0 0 0 0 1671 345
0 0 0 0 1671 345
1 0 0 0 1667 345
1 0 0 0 1667 345
1 0 0 0 1664 345
1 0 0 0 1663 345
1 0 0 0 1662 345
1 0 0 0 1659 345
1 0 0 0 1657 345
1 0 0 0 1657 345
1 0 0 0 1656 345
1 0 0 0 1655 345
1 0 0 0 1653 345
1 0 0 0 1647 345
1 0 0 0 1646 345
1 0 0 0 1645 345
1 0 0 0 1643 345
1 0 0 0 1643 345
1 0 0 0 1643 345
1 0 0 0 1642 347
1 0 0 0 1639 348
1 0 0 0 1637 350
1 0 0 0 1635 353
1 0 0 0 1635 353
1 0 0 0 1633 353
1 0 0 0 1630 355
1 0 0 0 1629 357
1 0 0 0 1626 360
1 0 0 0 1621 363
1 0 0 0 1617 368
1 0 0 0 1614 372
1 0 0 0 1613 373
1 0 0 0 1611 375
1 0 0 0 1611 376
1 0 0 0 1610 377
1 0 0 0 1608 379
1 0 0 0 1607 382
1 0 0 0 1604 386
1 0 0 0 1603 386
1 0 0 0 1603 387
1 0 0 0 1601 390
1 0 0 0 1600 392
1 0 0 0 1600 395
1 0 0 0 1598 397
1 0 0 0 1597 397
1 0 0 0 1597 399
1 0 0 0 1596 400
1 0 0 0 1596 402
1 0 0 0 1594 402
1 0 0 0 1594 403
1 0 0 0 1594 403
1 0 0 0 1591 406
1 0 0 0 1590 407
1 0 0 0 1590 409
1 0 0 0 1588 410
1 0 0 0 1588 410
1 0 0 0 1587 412
1 0 0 0 1586 412
1 0 0 0 1584 413
1 0 0 0 1584 413
1 0 0 0 1583 413
1 0 0 0 1581 414
1 0 0 0 1581 416
1 0 0 0 1581 416
1 0 0 0 1581 416
1 0 0 0 1580 416
1 0 0 0 1580 416
1 0 0 0 1578 419
1 0 0 0 1577 419
1 0 0 0 1577 420
1 0 0 0 1576 422
1 0 0 0 1574 424
1 0 0 0 1574 424
1 0 0 0 1574 426
1 0 0 0 1574 427
1 0 0 0 1573 427
1 0 0 0 1573 432
1 0 0 0 1571 434
1 0 0 0 1570 438
1 0 0 0 1570 440
1 0 0 0 1569 441
1 0 0 0 1567 444
1 0 0 0 1566 444
1 0 0 0 1566 444
1 0 0 0 1566 444
1 0 0 0 1566 444
1 0 0 0 1566 444
1 0 0 0 1566 444
1 0 0 0 1566 444
1 0 0 0 1566 444
1 0 0 0 1566 444
1 0 0 0 1566 444
1 0 0 0 1566 444
1 0 0 0 1566 444
1 0 0 0 1566 444
1 0 0 0 1566 444
1 0 0 0 1566 444
1 0 0 0 1566 444
1 0 0 0 1566 444
1 0 0 0 1566 444
1 0 0 0 1566 444
1 0 0 0 1566 444
1 0 0 0 1566 444
1 0 0 0 1566 444
1 0 0 0 1566 444
1 0 0 0 1566 444
1 0 0 0 1566 444
1 0 0 0 1566 444
1 0 0 0 1566 445
1 0 0 0 1566 447
1 0 0 0 1566 448
1 0 0 0 1566 451
1 0 0 0 1566 452
1 0 0 0 1566 454
1 0 0 0 1566 454
1 0 0 0 1568 455
1 0 0 0 1568 460
1 0 0 0 1568 462
1 0 0 0 1568 464
1 0 0 0 1568 467
1 0 0 0 1568 468
1 0 0 0 1568 470
1 0 0 0 1568 471
1 0 0 0 1568 471
1 0 0 0 1568 475
1 0 0 0 1568 475
1 0 0 0 1569 478
1 0 0 0 1569 481
1 0 0 0 1569 484
1 0 0 0 1569 488
1 0 0 0 1569 491
1 0 0 0 1569 492
1 0 0 0 1569 492
1 0 0 0 1569 492
1 0 0 0 1569 492
1 0 0 0 1569 492
1 0 0 0 1569 492
1 0 0 0 1569 492
1 0 0 0 1569 492
1 0 0 0 1569 492
1 0 0 0 1569 492
1 0 0 0 1569 492
1 0 0 0 1569 492
1 0 0 0 1569 492
1 0 0 0 1569 492
1 0 0 0 1569 492
1 0 0 0 1569 494
1 0 0 0 1569 494
1 0 0 0 1569 495
1 0 0 0 1569 498
1 0 0 0 1569 499
1 0 0 0 1569 501
1 0 0 0 1569 502
1 0 0 0 1569 504
1 0 0 0 1569 505
1 0 0 0 1569 505
1 0 0 0 1569 505
1 0 0 0 1569 506
1 0 0 0 1569 508
1 0 0 0 1569 511
1 0 0 0 1569 512
1 0 0 0 1569 515
1 0 0 0 1569 516
1 0 0 0 1569 519
1 0 0 0 1569 519
1 0 0 0 1569 521
1 0 0 0 1567 524
1 0 0 0 1567 524
1 0 0 0 1567 525
1 0 0 0 1567 525
1 0 0 0 1567 525
1 0 0 0 1567 525
1 0 0 0 1567 525
1 0 0 0 1567 525
1 0 0 0 1566 526
1 0 0 0 1566 526
1 0 0 0 1566 526
1 0 0 0 1566 526
1 0 0 0 1566 526
1 0 0 0 1566 526
1 0 0 0 1566 526
1 0 0 0 1564 528
1 0 0 0 1564 528
1 0 0 0 1564 528
1 0 0 0 1564 528
1 0 0 0 1564 528
1 0 0 0 1564 528
0 0 0 0 1564 528
0 0 0 0 1563 528
0 0 0 0 1561 528
0 0 0 0 1561 528
0 0 0 0 1561 528
0 0 0 0 1561 528
0 0 0 0 1560 528
0 0 0 0 1559 528
0 0 0 0 1556 529
0 0 0 0 1550 531
0 0 0 0 1543 533
0 0 0 0 1537 533
0 0 0 0 1536 534
0 0 0 0 1529 534
0 0 0 0 1522 536
0 0 0 0 1522 536
0 0 0 0 1522 536
0 0 0 0 1522 536
0 0 0 0 1522 536
0 0 0 0 1522 536
0 0 0 0 1521 536
0 0 0 0 1519 536
0 0 0 0 1518 536
0 0 0 0 1511 536
0 0 0 0 1508 536
0 0 0 0 1505 536
0 0 0 0 1501 536
0 0 0 0 1490 535
0 0 0 0 1487 533
0 0 0 0 1474 532
0 0 0 0 1465 530
0 0 0 0 1455 528
0 0 0 0 1449 528
0 0 0 0 1442 526
0 0 0 0 1433 524
0 0 0 0 1413 521
0 0 0 0 1398 517
0 0 0 0 1378 512
0 0 0 0 1368 512
0 0 0 0 1356 509
0 0 0 0 1342 509
0 0 0 0 1333 509
0 0 0 0 1332 509
0 0 0 0 1321 509
0 0 0 0 1316 508
0 0 0 0 1309 506
0 0 0 0 1300 504
0 0 0 0 1294 504
0 0 0 0 1290 504
0 0 0 0 1278 504
0 0 0 0 1264 504
0 0 0 0 1255 504
0 0 0 0 1240 504
0 0 0 0 1239 504
0 0 0 0 1229 504
0 0 0 0 1212 504
0 0 0 0 1199 504
0 0 0 0 1198 504
0 0 0 0 1189 505
0 0 0 0 1180 507
0 0 0 0 1169 509
0 0 0 0 1161 509
0 0 0 0 1155 509
0 0 0 0 1147 510
0 0 0 0 1140 510
0 0 0 0 1119 510
0 0 0 0 1111 510
0 0 0 0 1104 510
0 0 0 0 1095 509
0 0 0 0 1086 508
0 0 0 0 1080 506
0 0 0 0 1070 504
0 0 0 0 1061 504
0 0 0 0 1054 502
0 0 0 0 1050 501
0 0 0 0 1045 501
0 0 0 0 1030 501
0 0 0 0 1030 501
0 0 0 0 1020 501
0 0 0 0 1016 501
0 0 0 0 1009 501
0 0 0 0 1006 501
0 0 0 0 1002 501
0 0 0 0 999 501
0 0 0 0 996 501
0 0 0 0 993 501
0 0 0 0 989 501
0 0 0 0 988 501
0 0 0 0 975 501
0 0 0 0 968 501
0 0 0 0 963 501
0 0 0 0 955 501
0 0 0 0 946 502
0 0 0 0 941 503
0 0 0 0 927 505
0 0 0 0 923 507
0 0 0 0 921 507
0 0 0 0 920 507
0 0 0 0 917 508
0 0 0 0 914 508
0 0 0 0 911 508
0 0 0 0 908 509
0 0 0 0 907 509
0 0 0 0 898 509
0 0 0 0 896 509
0 0 0 0 895 509
0 0 0 0 892 509
0 0 0 0 891 509
0 0 0 0 891 509
0 0 0 0 891 509
0 0 0 0 891 509
0 0 0 0 891 509
0 0 0 0 891 509
0 0 0 0 891 509
0 0 0 0 891 509
0 0 0 0 891 509
0 0 0 0 891 509
0 0 0 0 891 509
0 0 0 0 891 509
0 0 0 0 891 509
0 0 0 0 891 509
0 0 0 0 894 509
0 0 0 0 897 509
0 0 0 0 899 509
0 0 0 0 901 510
0 0 0 0 912 512
0 0 0 0 920 512
0 0 0 0 921 513
0 0 0 0 927 513
0 0 0 0 934 515
0 0 0 0 940 516
0 0 0 0 958 518
0 0 0 0 967 520
0 0 0 0 975 522
0 0 0 0 981 524
0 0 0 0 990 524
0 0 0 0 1001 527
0 0 0 0 1007 527
0 0 0 0 1013 528
0 0 0 0 1021 528
0 0 0 0 1042 532
0 0 0 0 1045 533
0 0 0 0 1056 535
0 0 0 0 1070 537
0 0 0 0 1081 539
0 0 0 0 1090 541
0 0 0 0 1103 543
0 0 0 0 1104 543
0 0 0 0 1111 544
0 0 0 0 1127 546
0 0 0 0 1135 548
0 0 0 0 1146 549
0 0 0 0 1157 551
0 0 0 0 1183 556
0 0 0 0 1196 558
0 0 0 0 1204 558
0 0 0 0 1217 558
0 0 0 0 1227 558
0 0 0 0 1243 558
0 0 0 0 1250 559
0 0 0 0 1256 559
0 0 0 0 1258 559
0 0 0 0 1263 559
0 0 0 0 1276 559
0 0 0 0 1285 559
0 0 0 0 1288 559
0 0 0 0 1303 559
0 0 0 0 1317 559
0 0 0 0 1326 559
0 0 0 0 1334 559
0 0 0 0 1344 559
0 0 0 0 1347 559
0 0 0 0 1354 559
0 0 0 0 1367 559
0 0 0 0 1368 559
0 0 0 0 1373 559
0 0 0 0 1377 559
0 0 0 0 1388 559
0 0 0 0 1395 559
0 0 0 0 1401 559
0 0 0 0 1408 559
0 0 0 0 1419 559
0 0 0 0 1428 559
0 0 0 0 1434 559
0 0 0 0 1443 559
0 0 0 0 1449 559
0 0 0 0 1455 559
0 0 0 0 1465 559
0 0 0 0 1469 559
0 0 0 0 1473 559
0 0 0 0 1479 559
0 0 0 0 1484 559
0 0 0 0 1491 559
0 0 0 0 1496 559
0 0 0 0 1503 559
0 0 0 0 1509 559
0 0 0 0 1520 559
0 0 0 0 1524 559
0 0 0 0 1529 559
0 0 0 0 1534 559
0 0 0 0 1541 559
0 0 0 0 1547 559
0 0 0 0 1551 559
0 0 0 0 1557 559
0 0 0 0 1568 561
0 0 0 0 1568 561
0 0 0 0 1581 564
0 0 0 0 1586 566
0 0 0 0 1592 566
0 0 0 0 1595 567
0 0 0 0 1604 567
0 0 0 0 1610 569
0 0 0 0 1614 569
0 0 0 0 1633 573
0 0 0 0 1643 575
0 0 0 0 1654 577
0 0 0 0 1663 578
0 0 0 0 1677 582
0 0 0 0 1683 582
0 0 0 0 1685 582
0 0 0 0 1689 584
0 0 0 0 1704 585
0 0 0 0 1708 587
0 0 0 0 1717 589
0 0 0 0 1724 589
0 0 0 0 1739 592
0 0 0 0 1744 592
0 0 0 0 1750 594
0 0 0 0 1755 594
0 0 0 0 1765 595
0 0 0 0 1769 595
0 0 0 0 1774 597
0 0 0 0 1775 597
0 0 0 0 1784 598
0 0 0 0 1788 598
0 0 0 0 1794 598
0 0 0 0 1799 598
0 0 0 0 1807 598
0 0 0 0 1813 598
0 0 0 0 1818 600
0 0 0 0 1821 600
0 0 0 0 1825 600
0 0 0 0 1833 600
0 0 0 0 1837 600
0 0 0 0 1840 600
0 0 0 0 1843 600
0 0 0 0 1844 600
0 0 0 0 1848 600
0 0 0 0 1850 600
0 0 0 0 1853 600
0 0 0 0 1856 600
0 0 0 0 1858 600
0 0 0 0 1861 600
0 0 0 0 1863 600
0 0 0 0 1866 600
0 0 0 0 1874 600
0 0 0 0 1876 600
0 0 0 0 1877 600
0 0 0 0 1877 600
0 0 0 0 1877 600
0 0 0 0 1879 600
0 0 0 0 1879 600
0 0 0 0 1879 600
0 0 0 0 1882 600
0 0 0 0 1883 601
0 0 0 0 1886 601
0 0 0 0 1887 601
0 0 0 0 1890 601
0 0 0 0 1891 601
0 0 0 0 1893 601
0 0 0 0 1896 601
0 0 0 0 1896 601
0 0 0 0 1896 601
0 0 0 0 1897 601
0 0 0 0 1897 601
0 0 0 0 1897 601
0 0 0 0 1897 601
0 0 0 0 1897 601
0 0 0 0 1897 601
0 0 0 0 1897 601
0 0 0 0 1897 601
0 0 0 0 1897 601
0 0 0 0 1897 601
0 0 0 0 1897 601
0 0 0 0 1895 601
0 0 0 0 1894 601
0 0 0 0 1890 601
0 0 0 0 1887 601
0 0 0 0 1884 601
0 0 0 0 1881 601
0 0 0 0 1877 601
0 0 0 0 1874 601
0 0 0 0 1871 601
0 0 0 0 1868 603
0 0 0 0 1868 603
0 0 0 0 1867 603
0 0 0 0 1864 603
0 0 0 0 1862 603
0 0 0 0 1858 603
0 0 0 0 1855 603
0 0 0 0 1842 603
0 0 0 0 1832 603
0 0 0 0 1830 603
0 0 0 0 1814 603
0 0 0 0 1801 603
0 0 0 0 1777 603
0 0 0 0 1770 603
0 0 0 0 1759 603
0 0 0 0 1748 603
0 0 0 0 1745 603
0 0 0 0 1728 603
0 0 0 0 1722 603
0 0 0 0 1721 603
0 0 0 0 1712 602
0 0 0 0 1694 601
0 0 0 0 1683 601
0 0 0 0 1675 601
0 0 0 0 1666 601
0 0 0 0 1659 601
0 0 0 0 1640 597
0 0 0 0 1627 595
0 0 0 0 1606 591
0 0 0 0 1588 589
0 0 0 0 1560 584
0 0 0 0 1547 582
0 0 0 0 1545 582
0 0 0 0 1531 582
0 0 0 0 1521 579
0 0 0 0 1519 577
0 0 0 0 1517 577
0 0 0 0 1515 577
0 0 0 0 1514 577
0 0 0 0 1512 574
0 0 0 0 1508 571
0 0 0 0 1508 571
0 0 0 0 1505 570
0 0 0 0 1502 567
0 0 0 0 1501 565
0 0 0 0 1499 565
0 0 0 0 1499 564
0 0 0 0 1496 563
0 0 0 0 1496 563
0 0 0 0 1496 563
0 0 0 0 1495 561
0 0 0 0 1494 561
1 0 0 0 1494 561
1 0 0 0 1492 561
1 0 0 0 1491 562
1 0 0 0 1489 562
1 0 0 0 1485 566
1 0 0 0 1482 569
1 0 0 0 1478 574
1 0 0 0 1477 577
1 0 0 0 1474 581
1 0 0 0 1474 581
1 0 0 0 1474 587
1 0 0 0 1474 587
1 0 0 0 1474 590
1 0 0 0 1474 593
1 0 0 0 1474 594
1 0 0 0 1474 596
1 0 0 0 1474 597
1 0 0 0 1474 598
1 0 0 0 1477 603
1 0 0 0 1479 604
1 0 0 0 1482 605
1 0 0 0 1483 607
1 0 0 0 1484 607
1 0 0 0 1484 607
1 0 0 0 1484 607
1 0 0 0 1487 607
1 0 0 0 1487 607
1 0 0 0 1489 606
1 0 0 0 1489 605
1 0 0 0 1490 605
1 0 0 0 1492 601
1 0 0 0 1493 598
1 0 0 0 1493 597
1 0 0 0 1496 592
1 0 0 0 1499 587
1 0 0 0 1502 586
1 0 0 0 1503 583
1 0 0 0 1505 581
1 0 0 0 1505 580
1 0 0 0 1506 580
1 0 0 0 1508 577
1 0 0 0 1509 577
1 0 0 0 1510 576
1 0 0 0 1510 576
1 0 0 0 1510 576
1 0 0 0 1510 576
1 0 0 0 1512 576
1 0 0 0 1512 576
1 0 0 0 1516 576
1 0 0 0 1517 578
1 0 0 0 1520 579
1 0 0 0 1529 587
1 0 0 0 1534 592
1 0 0 0 1537 595
1 0 0 0 1537 596
1 0 0 0 1539 602
1 0 0 0 1539 603
1 0 0 0 1539 606
1 0 0 0 1541 608
1 0 0 0 1541 615
1 0 0 0 1542 615
1 0 0 0 1542 619
1 0 0 0 1542 624
1 0 0 0 1542 630
1 0 0 0 1544 631
1 0 0 0 1545 633
1 0 0 0 1545 634
1 0 0 0 1545 634
1 0 0 0 1545 634
1 0 0 0 1545 634
1 0 0 0 1545 634
1 0 0 0 1545 634
1 0 0 0 1545 634
1 0 0 0 1545 634
1 0 0 0 1545 634
1 0 0 0 1545 634
1 0 0 0 1545 634
1 0 0 0 1545 634
1 0 0 0 1545 631
1 0 0 0 1545 628
1 0 0 0 1545 625
1 0 0 0 1545 625
1 0 0 0 1545 624
1 0 0 0 1545 624
1 0 0 0 1545 622
1 0 0 0 1545 622
1 0 0 0 1545 622
1 0 0 0 1545 622
1 0 0 0 1545 622
1 0 0 0 1545 622
1 0 0 0 1545 622
1 0 0 0 1545 622
1 0 0 0 1545 622
1 0 0 0 1547 622
1 0 0 0 1547 622
1 0 0 0 1549 623
1 0 0 0 1549 624
1 0 0 0 1549 624
1 0 0 0 1552 627
1 0 0 0 1552 627
1 0 0 0 1552 627
1 0 0 0 1552 627
1 0 0 0 1552 627
1 0 0 0 1552 626
1 0 0 0 1552 626
1 0 0 0 1552 621
1 0 0 0 1552 616
1 0 0 0 1554 615
1 0 0 0 1554 612
1 0 0 0 1555 611
1 0 0 0 1557 611
1 0 0 0 1557 611
1 0 0 0 1557 609
1 0 0 0 1557 608
1 0 0 0 1557 606
1 0 0 0 1557 605
1 0 0 0 1558 602
1 0 0 0 1558 602
1 0 0 0 1558 602
1 0 0 0 1558 602
1 0 0 0 1558 602
1 0 0 0 1558 602
1 0 0 0 1558 602
1 0 0 0 1558 602
1 0 0 0 1558 602
1 0 0 0 1558 602
1 0 0 0 1558 602
1 0 0 0 1558 601
1 0 0 0 1559 598
1 0 0 0 1559 596
1 0 0 0 1559 596
1 0 0 0 1559 595
1 0 0 0 1559 595
1 0 0 0 1559 594
1 0 0 0 1561 592
1 0 0 0 1561 591
1 0 0 0 1561 589
1 0 0 0 1561 588
1 0 0 0 1561 588
1 0 0 0 1561 588
1 0 0 0 1562 588
1 0 0 0 1564 585
1 0 0 0 1564 584
1 0 0 0 1565 582
1 0 0 0 1565 581
1 0 0 0 1565 579
1 0 0 0 1565 579
1 0 0 0 1565 579
1 0 0 0 1565 579
1 0 0 0 1565 579
1 0 0 0 1565 579
1 0 0 0 1566 579
1 0 0 0 1566 579
1 0 0 0 1566 579
1 0 0 0 1566 579
1 0 0 0 1566 579
1 0 0 0 1566 579
1 0 0 0 1566 579
1 0 0 0 1566 579
1 0 0 0 1566 579
1 0 0 0 1566 579
1 0 0 0 1566 579
1 0 0 0 1566 578
1 0 0 0 1566 578
1 0 0 0 1566 578
1 0 0 0 1568 576
1 0 0 0 1568 576
1 0 0 0 1568 575
1 0 0 0 1568 575
1 0 0 0 1568 575
1 0 0 0 1568 574
1 0 0 0 1568 574
1 0 0 0 1569 572
1 0 0 0 1569 572
1 0 0 0 1569 571
1 0 0 0 1569 571
1 0 0 0 1569 571
1 0 0 0 1571 569
1 0 0 0 1571 569
1 0 0 0 1571 569
1 0 0 0 1571 569
1 0 0 0 1571 569
1 0 0 0 1571 569
1 0 0 0 1571 569
1 0 0 0 1571 569
1 0 0 0 1571 569
1 0 0 0 1571 569
1 0 0 0 1571 569
1 0 0 0 1571 569
1 0 0 0 1571 569
1 0 0 0 1571 569
1 0 0 0 1571 569
1 0 0 0 1571 569
1 0 0 0 1571 569
1 0 0 0 1571 569
1 0 0 0 1571 569
1 0 0 0 1571 569
1 0 0 0 1571 569
1 0 0 0 1571 569
1 0 0 0 1571 569
1 0 0 0 1571 569
1 0 0 0 1571 569
1 0 0 0 1571 569
1 0 0 0 1571 569
1 0 0 0 1571 569
1 0 0 0 1571 569
1 0 0 0 1571 569
1 0 0 0 1571 569
1 0 0 0 1571 569
1 0 0 0 1571 569
1 0 0 0 1571 569
1 0 0 0 1571 569
1 0 0 0 1571 569
1 0 0 0 1571 569
1 0 0 0 1571 569
1 0 0 0 1572 569
1 0 0 0 1572 569
1 0 0 0 1574 569
1 0 0 0 1575 569
1 0 0 0 1578 568
1 0 0 0 1579 568
1 0 0 0 1581 568
1 0 0 0 1581 568
1 0 0 0 1582 566
1 0 0 0 1585 565
1 0 0 0 1588 565
1 0 0 0 1589 564
0 0 0 0 1601 560
0 0 0 0 1606 559
0 0 0 0 1614 555
0 0 0 0 1626 551
0 0 0 0 1650 541
0 0 0 0 1666 537
0 0 0 0 1670 536
0 0 0 0 1696 529
0 0 0 0 1709 527
0 0 0 0 1723 525
0 0 0 0 1733 523
0 0 0 0 1757 519
0 0 0 0 1765 517
0 0 0 0 1784 512
0 0 0 0 1798 506
0 0 0 0 1816 504
0 0 0 0 1854 498
0 0 0 0 1865 496
0 0 0 0 1893 491
0 0 0 0 1955 478
0 0 0 0 1999 470
0 0 0 0 2043 465
0 0 0 0 2077 456
0 0 0 0 2156 444
0 0 0 0 2182 441
0 0 0 0 2214 431
0 0 0 0 2243 421
0 0 0 0 2262 413
0 0 0 0 2292 404
0 0 0 0 2305 402
0 0 0 0 2311 400
0 0 0 0 2326 398
0 0 0 0 2337 396
0 0 0 0 2346 393
0 0 0 0 2355 391
0 0 0 0 2365 391
0 0 0 0 2395 385
0 0 0 0 2407 383
0 0 0 0 2426 381
0 0 0 0 2446 377
0 0 0 0 2474 372
0 0 0 0 2489 370
0 0 0 0 2493 370
0 0 0 0 2513 368
0 0 0 0 2526 365
0 0 0 0 2536 365
0 0 0 0 2547 363
0 0 0 0 2559 363
0 0 0 0 2568 363
0 0 0 0 2588 363
0 0 0 0 2599 361
0 0 0 0 2615 357
0 0 0 0 2641 353
0 0 0 0 2659 351
0 0 0 0 2667 349
0 0 0 0 2704 343
0 0 0 0 2728 338
0 0 0 0 2741 335
0 0 0 0 2765 331
0 0 0 0 2775 331
0 0 0 0 2786 329
0 0 0 0 2789 327
0 0 0 0 2808 326
0 0 0 0 2813 324
0 0 0 0 2816 324
0 0 0 0 2821 324
0 0 0 0 2833 323
0 0 0 0 2843 323
0 0 0 0 2851 321
0 0 0 0 2878 316
0 0 0 0 2885 316
0 0 0 0 2898 316
0 0 0 0 2914 316
0 0 0 0 2937 316
0 0 0 0 2950 316
0 0 0 0 2954 316
0 0 0 0 2964 316
0 0 0 0 2978 314
0 0 0 0 3004 310
0 0 0 0 3020 306
0 0 0 0 3033 304
0 0 0 0 3075 295
0 0 0 0 3089 293
0 0 0 0 3110 291
0 0 0 0 3128 287
0 0 0 0 3136 287
0 0 0 0 3200 275
0 0 0 0 3200 275
0 0 0 0 3224 271
0 0 0 0 3275 261
0 0 0 0 3294 259
0 0 0 0 3309 256
0 0 0 0 3336 251
0 0 0 0 3372 246
0 0 0 0 3393 242
0 0 0 0 3401 240
0 0 0 0 3438 231
0 0 0 0 3465 227
0 0 0 0 3483 225
0 0 0 0 3489 223
0 0 0 0 3510 221
0 0 0 0 3534 214
0 0 0 0 3550 209
0 0 0 0 3561 205
0 0 0 0 3575 199
0 0 0 0 3588 195
0 0 0 0 3597 192
0 0 0 0 3598 192
0 0 0 0 3606 190
0 0 0 0 3610 190
0 0 0 0 3612 189
0 0 0 0 3614 189
0 0 0 0 3616 188
0 0 0 0 3617 188
0 0 0 0 3622 186
0 0 0 0 3623 186
0 0 0 0 3630 185
0 0 0 0 3636 183
0 0 0 0 3637 183
0 0 0 0 3652 178
0 0 0 0 3668 172
0 0 0 0 3679 169
0 0 0 0 3682 167
0 0 0 0 3691 164
0 0 0 0 3704 160
0 0 0 0 3720 152
0 0 0 0 3734 146
0 0 0 0 3743 141
0 0 0 0 3750 139
0 0 0 0 3755 136
0 0 0 0 3759 135
0 0 0 0 3764 133
0 0 0 0 3768 130
0 0 0 0 3778 127
0 0 0 0 3788 125
0 0 0 0 3788 125
0 0 0 0 3800 120
0 0 0 0 3809 115
0 0 0 0 3820 109
0 0 0 0 3834 103
0 0 0 0 3847 99
0 0 0 0 3862 94
0 0 0 0 3875 88
0 0 0 0 3886 85
0 0 0 0 3913 77
0 0 0 0 3922 74
0 0 0 0 3928 72
0 0 0 0 3933 70
0 0 0 0 3937 67
0 0 0 0 3940 67
0 0 0 0 3943 66
0 0 0 0 3948 64
0 0 0 0 3949 64
0 0 0 0 3956 61
0 0 0 0 3967 59
0 0 0 0 3979 57
0 0 0 0 3981 56
0 0 0 0 3991 54
0 0 0 0 4002 52
0 0 0 0 4011 51
0 0 0 0 4023 49
0 0 0 0 4031 47
0 0 0 0 4038 47
0 0 0 0 4045 44
0 0 0 0 4052 44
0 0 0 0 4054 44
0 0 0 0 4057 43
0 0 0 0 4062 43
0 0 0 0 4063 43
0 0 0 0 4070 41
0 0 0 0 4075 40
0 0 0 0 4081 38
0 0 0 0 4085 38
0 0 0 0 4091 38
0 0 0 0 4097 37
0 0 0 0 4114 37
0 0 0 0 4120 37
0 0 0 0 4136 37
0 0 0 0 4146 37
0 0 0 0 4159 37
0 0 0 0 4169 39
0 0 0 0 4183 45
0 0 0 0 4199 51
0 0 0 0 4207 55
0 0 0 0 4219 63
0 0 0 0 4232 67
0 0 0 0 4257 78
0 0 0 0 4267 84
0 0 0 0 4271 88
0 0 0 0 4275 90
0 0 0 0 4283 96
0 0 0 0 4286 99
0 0 0 0 4287 99
0 0 0 0 4290 102
0 0 0 0 4293 103
0 0 0 0 4301 108
0 0 0 0 4304 109
0 0 0 0 4308 111
0 0 0 0 4315 114
0 0 0 0 4320 117
0 0 0 0 4326 119
0 0 0 0 4333 123
0 0 0 0 4340 124
0 0 0 0 4348 128
0 0 0 0 4351 131
0 0 0 0 4357 133
0 0 0 0 4371 141
0 0 0 0 4380 144
0 0 0 0 4389 148
0 0 0 0 4397 152
0 0 0 0 4413 158
0 0 0 0 4426 161
0 0 0 0 4445 167
0 0 0 0 4453 167
0 0 0 0 4467 173
0 0 0 0 4480 176
0 0 0 0 4493 180
0 0 0 0 4505 184
0 0 0 0 4522 186
0 0 0 0 4541 190
0 0 0 0 4552 192
0 0 0 0 4563 194
0 0 0 0 4578 194
0 0 0 0 4591 194
0 0 0 0 4602 195
0 0 0 0 4613 197
0 0 0 0 4624 199
0 0 0 0 4633 201
0 0 0 0 4643 201
0 0 0 0 4650 201
0 0 0 0 4658 195
0 0 0 0 4658 195
0 0 0 0 4658 195
0 0 0 0 4658 195
0 0 0 0 4658 195
0 0 0 0 4658 195
0 0 0 0 4658 195
0 0 0 0 4658 195
0 0 0 0 4658 195
0 0 0 0 4658 195
0 0 0 0 4658 195
0 0 0 0 4658 195
0 0 0 0 4658 195
0 0 0 0 4658 195
0 0 0 0 4658 195
0 0 0 0 4658 195
0 0 0 0 4658 195
0 0 0 0 4658 195
0 0 0 0 4658 195
0 0 0 0 4658 195
0 0 0 0 4658 195
0 0 0 0 4658 195
0 0 0 0 4658 195
0 0 0 0 4658 195
0 0 0 0 4658 195
0 0 0 0 4658 195
0 0 0 0 4658 195
0 0 0 0 4658 195
0 0 0 0 4658 195
0 0 0 0 4658 195
0 0 0 0 4658 195
0 0 0 0 4658 195
0 0 0 0 4658 195
0 0 0 0 4658 195
0 0 0 0 4658 195
0 0 0 0 4660 195
0 0 0 0 4661 197
0 0 0 0 4666 200
0 0 0 0 4663 202
0 0 0 0 4662 205
0 0 0 0 4659 209
0 0 0 0 4659 215
0 0 0 0 4658 217
0 0 0 0 4653 221
0 0 0 0 4650 224
0 0 0 0 4646 231
0 0 0 0 4642 239
0 0 0 0 4639 243
0 0 0 0 4637 248
0 0 0 0 4635 254
0 0 0 0 4634 259
0 0 0 0 4632 265
0 0 0 0 4631 271
0 0 0 0 4631 278
0 0 0 0 4631 284
0 0 0 0 4631 289
0 0 0 0 4631 291
0 0 0 0 4631 294
0 0 0 0 4631 297
0 0 0 0 4631 302
0 0 0 0 4631 304
0 0 0 0 4631 307
0 0 0 0 4633 310
0 0 0 0 4636 313
0 0 0 0 4639 318
0 0 0 0 4641 321
0 0 1 0 4644 322
0 0 1 0 4654 330
0 0 1 0 4659 333
0 0 1 0 4663 335
0 0 1 0 4664 338
0 0 1 0 4666 338
0 0 1 0 4666 338
0 0 1 0 4666 338
0 0 1 0 4666 338
0 0 1 0 4666 338
0 0 1 0 4666 338
0 0 1 0 4666 338
0 0 1 0 4666 338
0 0 1 0 4666 338
0 0 1 0 4667 339
0 0 1 0 4667 339
0 0 1 0 4667 339
0 0 1 0 4667 339
0 0 1 0 4669 339
0 0 1 0 4669 339
0 0 1 0 4669 339
0 0 1 0 4669 339
0 0 1 0 4669 339
0 0 1 0 4669 339
0 0 1 0 4669 339
0 0 1 0 4669 339
0 0 1 0 4669 339
0 0 1 0 4669 339
0 0 1 0 4669 339
0 0 1 0 4669 339
0 0 1 0 4669 339
0 0 1 0 4669 339
0 0 1 0 4669 339
0 0 1 0 4669 339
0 0 1 0 4669 339
0 0 1 0 4669 339
0 0 1 0 4669 339
0 0 1 0 4669 339
0 0 1 0 4669 339
0 0 1 0 4669 339
0 0 1 0 4669 339
0 0 1 0 4669 339
0 0 1 0 4668 339
0 0 1 0 4665 339
0 0 1 0 4664 339
0 0 1 0 4661 339
0 0 1 0 4661 339
0 0 1 0 4658 339
0 0 1 0 4658 337
0 0 1 0 4657 337
0 0 1 0 4656 337
0 0 1 0 4654 337
0 0 1 0 4651 336
0 0 1 0 4651 336
0 0 1 0 4651 336
0 0 1 0 4651 336
0 0 1 0 4650 336
0 0 1 0 4647 336
0 0 1 0 4646 336
0 0 1 0 4644 336
0 0 1 0 4644 334
0 0 1 0 4644 334
0 0 1 0 4644 333
0 0 1 0 4644 333
0 0 1 0 4644 333
0 0 1 0 4644 333
0 0 1 0 4644 333
0 0 1 0 4644 332
0 0 1 0 4644 330
0 0 1 0 4644 330
0 0 1 0 4643 330
0 0 1 0 4643 329
0 0 1 0 4643 327
0 0 1 0 4641 326
0 0 1 0 4641 326
0 0 1 0 4640 326
0 0 1 0 4640 326
0 0 1 0 4640 324
0 0 1 0 4638 324
0 0 1 0 4637 324
0 0 1 0 4636 323
0 0 1 0 4633 322
0 0 1 0 4627 320
0 0 1 0 4619 319
0 0 1 0 4606 317
0 0 1 0 4600 316
0 0 1 0 4595 314
0 0 1 0 4594 313
0 0 1 0 4594 313
0 0 1 0 4594 313
0 0 1 0 4594 313
0 0 1 0 4594 313
0 0 1 0 4594 313
0 0 1 0 4592 313
0 0 1 0 4591 313
0 0 1 0 4589 313
0 0 1 0 4588 313
0 0 1 0 4586 313
0 0 1 0 4586 313
0 0 1 0 4586 313
0 0 1 0 4586 313
0 0 1 0 4586 313
0 0 1 0 4586 313
0 0 1 0 4586 313
0 0 1 0 4586 313
0 0 1 0 4585 313
0 0 1 0 4584 313
0 0 1 0 4582 311
0 0 1 0 4581 310
0 0 1 0 4578 310
0 0 1 0 4576 308
0 0 1 0 4576 307
0 0 1 0 4576 307
0 0 1 0 4576 307
0 0 1 0 4576 307
0 0 1 0 4576 307
0 0 1 0 4576 307
0 0 1 0 4576 307
0 0 1 0 4576 307
0 0 1 0 4576 307
0 0 1 0 4576 305
0 0 1 0 4576 305
0 0 1 0 4576 305
0 0 1 0 4577 305
0 0 1 0 4578 305
0 0 1 0 4581 304
0 0 1 0 4584 303
0 0 1 0 4585 303
0 0 1 0 4585 303
0 0 1 0 4585 303
0 0 1 0 4585 303
0 0 1 0 4585 303
0 0 1 0 4585 303
0 0 1 0 4587 303
0 0 1 0 4587 303
0 0 1 0 4587 301
0 0 1 0 4587 301
0 0 1 0 4587 301
0 0 1 0 4587 301
0 0 1 0 4587 301
0 0 1 0 4587 301
0 0 1 0 4587 301
0 0 1 0 4587 301
0 0 1 0 4587 301
0 0 1 0 4586 300
0 0 1 0 4584 300
0 0 1 0 4584 300
0 0 1 0 4582 300
0 0 1 0 4581 300
0 0 1 0 4581 300
0 0 1 0 4579 300
0 0 1 0 4579 300
0 0 1 0 4578 300
0 0 1 0 4575 300
0 0 1 0 4575 300
0 0 1 0 4572 300
0 0 1 0 4568 298
0 0 1 0 4565 297
0 0 1 0 4565 297
0 0 1 0 4565 297
0 0 1 0 4565 297
0 0 1 0 4565 297
0 0 1 0 4565 297
0 0 1 0 4565 297
0 0 1 0 4565 297
0 0 1 0 4565 296
0 0 1 0 4565 296
0 0 1 0 4565 296
0 0 1 0 4565 296
0 0 1 0 4565 294
0 0 1 0 4565 294
0 0 1 0 4565 291
0 0 1 0 4565 290
0 0 1 0 4565 287
0 0 1 0 4563 282
0 0 0 0 4557 276
0 0 0 0 4553 273
0 0 0 0 4553 272
0 1 0 0 4553 272
0 1 0 0 4553 272
0 1 0 0 4551 272
0 1 0 0 4551 272
0 1 0 0 4551 270
0 1 0 0 4551 270
0 1 0 0 4551 270
0 1 0 0 4551 270
0 1 0 0 4551 269
0 1 0 0 4551 269
0 1 0 0 4551 269
0 1 0 0 4551 267
0 1 0 0 4552 267
0 1 0 0 4556 266
0 1 0 0 4557 266
0 1 0 0 4560 266
0 1 0 0 4561 266
0 1 0 0 4564 266
0 1 0 0 4564 266
0 1 0 0 4569 266
0 1 0 0 4572 266
0 1 0 0 4573 266
0 1 0 0 4574 266
0 1 0 0 4579 266
0 1 0 0 4580 266
0 1 0 0 4582 266
0 1 0 0 4583 266
0 1 0 0 4586 266
0 1 0 0 4589 266
0 1 0 0 4592 266
0 1 0 0 4594 266
0 1 0 0 4602 266
0 1 0 0 4605 266
0 1 0 0 4611 266
0 1 0 0 4616 266
0 1 0 0 4620 264
0 1 0 0 4623 264
0 1 0 0 4629 263
0 1 0 0 4637 261
0 1 0 0 4646 261
0 1 0 0 4655 257
0 1 0 0 4664 256
0 1 0 0 4669 254
0 1 0 0 4679 252
0 1 0 0 4689 251
0 1 0 0 4701 249
0 1 0 0 4708 249
0 1 0 0 4714 247
0 1 0 0 4718 247
0 1 0 0 4725 246
0 1 0 0 4729 244
0 1 0 0 4734 244
0 1 0 0 4740 243
0 1 0 0 4747 241
0 1 0 0 4753 241
0 1 0 0 4762 238
0 1 0 0 4766 235
0 1 0 0 4769 233
0 0 0 0 4771 230
0 0 0 0 4772 227
0 0 0 0 4772 226
0 0 0 0 4774 225
0 0 0 0 4774 223
0 0 0 0 4774 223
0 0 0 0 4774 223
0 0 0 0 4774 223
0 0 0 0 4775 222
0 0 0 0 4778 217
0 0 0 0 4779 215
0 0 0 0 4781 212
0 0 0 0 4784 210
0 0 0 0 4785 206
0 0 0 0 4786 204
0 0 0 0 4786 203
0 0 0 0 4786 200
0 0 0 0 4786 200
0 0 0 0 4786 199
0 0 0 0 4786 196
0 0 0 0 4786 196
0 0 0 0 4783 196
0 0 0 0 4782 196
0 0 0 0 4780 196
0 0 0 0 4778 196
0 0 0 0 4776 196
0 0 0 0 4775 196
0 0 0 0 4772 196
0 0 0 0 4769 196
0 0 0 0 4766 198
0 0 0 1 4763 198
0 0 0 1 4759 199
0 0 0 1 4754 199
0 0 0 1 4750 201
0 0 0 1 4744 201
0 0 0 1 4741 202
0 0 0 1 4738 202
0 0 0 1 4734 204
0 0 0 1 4731 204
0 0 0 1 4728 204
0 0 0 1 4725 205
0 0 0 1 4724 205
0 0 0 1 4721 205
0 0 0 1 4718 205
0 0 0 1 4717 205
0 0 0 1 4715 206
0 0 0 1 4714 206
0 0 0 1 4711 208
0 0 0 1 4710 208
0 0 0 1 4707 208
0 0 0 1 4704 208
0 0 0 1 4701 208
0 0 0 1 4698 208
0 0 0 1 4695 209
0 0 0 1 4691 209
0 0 0 1 4688 211
0 0 0 1 4685 211
0 0 0 1 4682 212
0 0 0 1 4679 212
0 0 0 1 4675 214
0 0 0 1 4672 214
0 0 0 1 4666 216
0 0 0 1 4662 219
0 0 0 1 4659 219
0 0 0 1 4656 221
0 0 0 1 4652 222
0 0 0 1 4647 225
0 0 0 1 4644 225
0 0 0 1 4643 227
0 0 0 1 4638 228
0 0 0 1 4637 228
0 0 0 1 4635 230
0 0 0 1 4633 230
0 0 0 1 4630 231
0 0 0 1 4625 231
0 0 0 1 4624 233
0 0 0 1 4619 233
0 0 0 1 4611 234
0 0 0 1 4605 234
0 0 0 1 4594 236
0 0 0 1 4587 238
0 0 0 1 4584 239
0 0 0 1 4579 239
0 0 0 1 4573 241
0 0 0 1 4570 241
0 0 0 1 4565 243
0 0 0 1 4559 244
0 0 0 1 4552 244
0 0 0 1 4538 244
0 0 0 1 4538 244
0 0 0 1 4534 244
0 0 0 1 4529 244
0 0 0 1 4526 244
0 0 0 1 4520 244
0 0 0 1 4514 243
0 0 0 1 4507 243
0 0 0 1 4494 240
0 0 0 1 4494 240
0 0 0 1 4485 239
0 0 0 1 4477 237
0 0 0 1 4472 237
0 0 0 1 4468 237
0 0 0 1 4460 237
0 0 0 1 4457 237
0 0 0 1 4451 237
0 0 0 1 4446 237
0 0 0 1 4432 237
0 0 0 1 4426 235
0 0 0 1 4418 233
0 0 0 1 4409 232
0 0 0 1 4400 232
0 0 0 1 4393 230
0 0 0 1 4385 228
0 0 0 1 4382 225
0 0 0 1 4373 225
0 0 0 1 4369 224
0 0 0 1 4364 222
0 0 0 1 4358 222
0 0 0 1 4353 221
0 0 0 1 4339 218
0 0 0 1 4339 218
0 0 0 1 4333 216
0 0 0 1 4324 214
0 0 0 1 4323 214
0 0 0 1 4316 213
0 0 0 1 4308 211
0 0 0 1 4301 211
0 0 0 1 4296 209
0 0 0 1 4287 208
0 0 0 1 4282 208
0 0 0 1 4279 206
0 0 0 0 4270 205
0 0 0 0 4265 205
0 0 0 0 4254 203
0 0 0 0 4247 201
0 0 0 0 4241 199
0 0 0 0 4232 196
0 0 0 0 4230 196
0 0 0 0 4226 196
0 0 0 0 4226 195
0 0 0 0 4223 195
0 0 0 0 4220 195
0 0 0 0 4217 195
0 0 0 0 4210 193
0 0 0 0 4207 192
0 0 0 0 4204 192
0 0 0 0 4201 192
0 0 0 0 4198 190
0 0 0 0 4197 190
0 0 0 0 4197 190
0 0 0 0 4195 190
0 0 0 0 4195 190
0 0 0 0 4195 190
0 0 0 0 4195 190
0 0 0 0 4195 190
0 0 0 0 4195 190
0 0 0 0 4195 190
0 0 0 0 4195 190
0 0 0 0 4195 190
0 0 0 0 4195 190
0 0 0 0 4196 190
0 0 0 0 4196 190
0 0 0 0 4196 190
0 0 0 0 4196 190
0 0 0 0 4196 190
0 0 0 0 4196 190
0 0 0 0 4197 190
0 0 0 0 4197 190
0 1 0 0 4200 190
0 1 0 0 4203 190
0 1 0 0 4204 190
0 1 0 0 4210 190
0 1 0 0 4212 190
0 1 0 0 4213 190
0 1 0 0 4215 191
0 1 0 0 4218 191
0 1 0 0 4219 193
0 1 0 0 4223 193
0 1 0 0 4225 194
0 1 0 0 4228 196
0 1 0 0 4231 196
0 1 0 0 4233 197
0 1 0 0 4235 198
0 1 0 0 4238 198
0 1 0 0 4238 200
0 1 0 0 4239 200
0 1 0 0 4241 200
0 1 0 0 4242 201
0 1 0 0 4245 203
0 1 0 0 4251 204
0 1 0 0 4257 204
0 1 0 0 4269 206
0 1 0 0 4274 208
0 1 0 0 4277 208
0 1 0 0 4289 208
0 1 0 0 4300 208
0 1 0 0 4307 208
0 1 0 0 4317 208
0 1 0 0 4325 208
0 1 0 0 4343 208
0 1 0 0 4352 208
0 1 0 0 4361 208
0 1 0 0 4373 208
0 1 0 0 4377 208
0 1 0 0 4389 208
0 1 0 0 4394 208
0 1 0 0 4402 208
0 1 0 0 4407 208
0 1 0 0 4415 208
0 1 0 0 4432 208
0 1 0 0 4442 208
0 1 0 0 4451 208
0 1 0 0 4458 208
0 1 0 0 4461 208
0 1 0 0 4461 208
0 1 0 0 4462 208
0 1 0 0 4464 208
0 1 0 0 4465 208
0 1 0 0 4472 207
0 1 0 0 4479 207
0 1 0 0 4485 206
0 1 0 0 4490 204
0 1 0 0 4496 203
0 1 0 0 4499 203
0 1 0 0 4502 201
0 1 0 0 4508 201
0 1 0 0 4514 200
0 1 0 0 4517 200
0 1 0 0 4526 198
0 1 0 0 4537 196
0 1 0 0 4544 194
0 1 0 0 4548 194
0 1 0 0 4551 193
0 1 0 0 4553 193
0 1 0 0 4553 193
0 1 0 0 4555 193
0 1 0 0 4558 191
0 1 0 0 4560 191
0 1 0 0 4561 190
0 1 0 0 4569 189
0 1 0 0 4575 189
0 1 0 0 4580 187
0 1 0 0 4585 187
0 1 0 0 4589 185
0 1 0 0 4592 184
0 1 0 0 4599 183
0 1 0 0 4601 183
0 1 0 0 4602 183
0 1 0 0 4604 183
0 1 0 0 4606 183
0 1 0 0 4609 183
0 1 0 0 4611 183
0 1 0 0 4617 183
0 1 0 0 4620 183
0 1 0 0 4623 183
0 1 0 0 4632 183
0 1 0 0 4638 183
0 1 0 0 4642 183
0 1 0 0 4645 183
0 1 0 0 4648 183
0 1 0 0 4651 183
0 1 0 0 4654 183
0 1 0 0 4658 183
0 1 0 0 4661 183
0 1 0 0 4664 183
0 0 0 0 4667 183
0 0 0 0 4667 183
0 0 0 0 4667 183
0 0 0 0 4667 183
0 0 0 0 4667 183
0 0 0 0 4667 183
0 0 0 0 4667 183
0 0 0 0 4667 183
0 0 0 0 4667 183
0 0 0 0 4667 183
0 0 0 0 4667 183
0 0 0 0 4666 183
0 0 0 0 4665 183
0 0 0 0 4664 183
0 0 0 0 4664 183
0 0 0 0 4661 183
0 0 0 0 4658 183
0 0 0 0 4656 183
0 0 0 0 4654 183
0 0 0 0 4651 183
0 0 0 0 4648 183
0 0 0 0 4646 183
0 0 0 0 4645 183
0 0 0 0 4644 183
0 0 0 0 4642 183
0 0 0 1 4642 183
0 0 0 1 4642 183
0 0 0 1 4641 183
0 0 0 1 4641 183
0 0 0 1 4639 183
0 0 0 1 4638 183
0 0 0 1 4635 183
0 0 0 1 4632 183
0 0 0 1 4628 183
0 0 0 1 4628 183
0 0 0 1 4617 181
0 0 0 1 4617 181
0 0 0 1 4611 180
0 0 0 1 4603 178
0 0 0 1 4600 178
0 0 0 1 4599 178
0 0 0 1 4598 178
0 0 0 1 4598 178
0 0 0 1 4596 178
0 0 0 1 4590 178
0 0 0 1 4588 178
0 0 0 1 4583 176
0 0 0 1 4579 176
0 0 0 1 4576 176
0 0 0 1 4573 175
0 0 0 1 4567 175
0 0 0 1 4565 175
0 0 0 1 4562 175
0 0 0 1 4551 172
0 0 0 1 4547 172
0 0 0 1 4544 172
0 0 0 1 4543 170
0 0 0 1 4541 170
0 0 0 1 4541 170
0 0 0 1 4541 170
0 0 0 1 4538 170
0 0 0 1 4537 170
0 0 0 1 4534 169
0 0 0 1 4531 169
0 0 0 1 4528 168
0 0 0 1 4520 166
0 0 0 0 4515 165
0 0 0 0 4510 163
0 0 0 0 4507 162
0 0 0 0 4503 160
0 0 0 0 4498 159
0 0 0 0 4495 159
0 0 0 0 4492 157
0 0 0 0 4488 156
0 0 0 0 4485 154
0 0 0 0 4479 151
0 0 0 0 4479 151
0 0 0 0 4479 151
0 0 0 0 4479 151
0 0 0 0 4479 151
0 0 0 0 4479 151
0 0 0 0 4478 151
0 0 0 0 4476 151
0 0 0 0 4476 151
0 0 0 0 4476 150
0 0 0 0 4476 150
0 0 0 0 4476 150
0 0 0 0 4476 150
0 0 0 0 4476 150
0 0 0 0 4476 150
0 0 0 0 4476 150
0 0 0 0 4476 150
0 0 0 0 4476 150
0 0 0 0 4476 150
0 0 0 0 4476 149
0 0 0 0 4476 149
1 0 0 0 4476 147
1 0 0 0 4476 147
1 0 0 0 4476 147
1 0 0 0 4477 147
1 0 0 0 4478 146
1 0 0 0 4480 144
1 0 0 0 4480 144
1 0 0 0 4480 143
1 0 0 0 4481 141
1 0 0 0 4484 140
1 0 0 0 4485 140
1 0 0 0 4487 139
1 0 0 0 4487 137
1 0 0 0 4489 136
1 0 0 0 4492 136
1 0 0 0 4494 134
1 0 0 0 4497 134
1 0 0 0 4501 133
1 0 0 0 4502 131
1 0 0 0 4505 131
1 0 0 0 4508 131
1 0 0 0 4509 131
1 0 0 0 4511 131
1 0 0 0 4511 131
1 0 0 0 4511 131
1 0 0 0 4511 131
1 0 0 0 4511 131
1 0 0 0 4511 131
1 0 0 0 4511 130
1 0 0 0 4511 130
1 0 0 0 4511 130
1 0 0 0 4509 129
1 0 0 0 4506 127
1 0 0 0 4506 127
1 0 0 0 4506 127
1 0 0 0 4506 127
1 0 0 0 4506 127
1 0 0 0 4506 124
1 0 0 0 4506 124
1 0 0 0 4506 124
1 0 0 0 4506 124
1 0 0 0 4506 124
1 0 0 0 4506 123
1 0 0 0 4506 123
1 0 0 0 4506 122
1 0 0 0 4506 122
1 0 0 0 4506 120
1 0 0 0 4506 120
1 0 0 0 4506 120
1 0 0 0 4506 120
1 0 0 0 4506 119
1 0 0 0 4506 119
1 0 0 0 4506 116
1 0 0 0 4506 114
1 0 0 0 4506 113
1 0 0 0 4505 113
1 0 0 0 4505 112
1 0 0 0 4502 110
1 0 0 0 4502 109
1 0 0 0 4500 109
1 0 0 0 4499 106
1 0 0 0 4498 104
1 0 0 0 4496 104
1 0 0 0 4496 103
1 0 0 0 4495 102
1 0 0 0 4492 100
1 0 0 0 4490 100
1 0 0 0 4489 99
1 0 0 0 4489 99
1 0 0 0 4488 99
1 0 0 0 4486 97
1 0 0 0 4486 97
1 0 0 0 4486 97
1 0 0 0 4486 97
1 0 0 0 4486 97
1 0 0 0 4486 97
1 0 0 0 4485 97
1 0 0 0 4485 97
1 0 0 0 4485 97
1 0 0 0 4485 97
1 0 0 0 4485 97
1 0 0 0 4485 97
1 0 0 0 4485 97
1 0 0 0 4485 97
1 0 0 0 4485 97
1 0 0 1 4485 97
1 0 0 1 4485 97
1 0 0 1 4485 97
1 0 0 1 4485 97
1 0 0 1 4485 97
1 0 0 1 4485 97
1 0 0 1 4485 97
1 0 0 1 4485 97
1 0 0 1 4485 97
1 0 0 1 4485 97
1 0 0 1 4485 98
1 0 0 1 4485 98
1 0 0 1 4485 98
1 0 0 1 4482 98
1 0 0 1 4481 98
1 0 0 0 4478 98
1 0 0 0 4475 98
1 0 0 0 4470 98
1 0 0 0 4463 98
1 0 0 0 4460 98
1 0 0 0 4457 98
1 0 0 0 4454 97
1 0 0 0 4453 97
1 0 0 0 4452 97
1 0 0 0 4450 96
1 0 0 0 4449 96
1 0 0 0 4449 96
1 0 0 0 4449 96
1 0 0 0 4449 96
1 0 0 0 4449 96
1 0 0 0 4449 94
1 0 0 0 4447 94
1 0 0 0 4447 94
1 0 0 0 4447 94
1 0 0 0 4448 93
1 0 0 0 4448 93
1 0 0 0 4448 93
1 0 0 0 4449 92
1 0 0 0 4449 92
1 0 0 0 4451 92
1 0 0 0 4451 92
0 0 0 0 4451 92
0 0 0 0 4452 92
0 0 0 0 4452 92
0 0 0 0 4452 92
0 0 0 0 4452 92
0 0 0 0 4453 90
0 0 0 0 4455 90
0 0 0 0 4455 90
0 0 0 0 4456 89
0 0 0 0 4456 89
0 0 0 0 4456 89
0 0 0 0 4456 89
0 0 0 0 4456 89
0 0 0 0 4456 89
0 0 0 0 4456 89
0 0 0 0 4456 89
0 0 0 0 4456 89
0 0 0 0 4456 89
0 0 0 0 4456 89
0 0 0 0 4456 89
0 0 0 0 4456 89
0 0 0 0 4456 89
0 0 0 0 4454 89
0 0 0 0 4452 89
0 0 0 0 4449 92
0 0 0 0 4446 93
0 0 0 0 4444 93
0 0 0 0 4438 97
0 0 0 0 4429 101
0 0 0 0 4423 103
0 0 0 0 4416 106
0 0 0 0 4412 107
0 0 0 0 4410 109
0 0 0 0 4406 110
0 0 0 0 4397 112
0 0 0 0 4391 114
0 0 0 0 4382 115
0 0 0 0 4374 115
0 0 0 0 4365 117
0 0 0 0 4352 119
0 0 0 0 4344 119
0 0 0 0 4336 119
0 0 0 0 4327 119
0 0 0 0 4323 119
0 0 0 0 4320 119
0 0 0 0 4315 121
0 0 0 0 4304 122
0 0 0 0 4299 124
0 0 0 0 4290 126
0 0 0 0 4284 126
0 0 0 0 4275 128
0 0 0 0 4265 129
0 0 0 0 4256 131
0 0 0 0 4245 133
0 0 0 0 4231 133
0 0 0 0 4225 133
0 0 0 0 4220 133
0 0 0 0 4214 133
0 0 0 0 4209 135
0 0 0 0 4201 135
0 0 0 0 4192 137
0 0 0 0 4184 137
0 0 0 0 4176 137
0 0 0 0 4152 137
0 0 0 0 4152 137
0 0 0 0 4142 137
0 0 0 0 4130 137
0 0 0 0 4120 137
0 0 0 0 4110 137
0 0 0 0 4095 137
0 0 0 0 4087 136
0 0 0 0 4080 134
0 0 0 0 4074 134
0 0 0 0 4071 133
0 0 0 0 4068 133
0 0 0 0 4062 131
0 0 0 0 4060 131
0 0 0 0 4057 131
0 0 0 0 4054 131
0 0 0 0 4051 131
0 0 0 0 4048 131
0 0 0 0 4045 131
0 0 0 0 4044 131
0 0 0 0 4039 131
0 0 0 0 4035 131
0 0 0 0 4022 131
0 0 0 0 4021 131
0 0 0 0 4010 131
0 0 0 0 4007 131
0 0 0 0 3994 131
0 0 0 0 3986 130
0 0 0 0 3973 126
0 0 0 0 3969 126
0 0 0 0 3964 125
0 0 0 0 3960 125
0 0 0 0 3957 125
0 0 0 0 3955 123
0 0 0 0 3952 123
0 0 0 0 3951 123
0 0 0 0 3948 122
0 0 0 0 3947 122
0 0 0 0 3945 122
0 0 0 0 3941 122
0 0 0 0 3938 121
0 0 0 0 3935 119
0 0 0 0 3934 118
0 0 0 0 3932 116
0 0 0 0 3930 116
0 0 0 0 3928 116
0 0 0 0 3925 115
0 0 0 0 3925 115
0 0 0 0 3925 115
0 0 0 0 3925 113
0 0 0 0 3925 113
0 0 0 0 3924 112
0 0 0 0 3924 109
0 0 0 0 3924 106
0 0 0 0 3924 101
0 0 0 0 3924 99
0 0 0 0 3924 99
0 0 0 0 3924 98
0 0 0 0 3924 98
0 0 0 0 3924 95
0 0 0 0 3926 94
0 0 0 0 3929 91
0 0 0 0 3934 84
0 0 0 0 3937 77
0 0 0 0 3944 70
0 0 0 0 3947 67
0 0 0 0 3949 65
0 0 0 0 3951 62
0 0 0 0 3954 61
0 0 0 0 3959 57
0 0 0 0 3965 51
0 0 0 0 3970 48
0 0 0 0 3973 46
0 0 0 0 3973 44
0 0 0 0 3974 42
0 0 0 0 3976 41
0 0 0 0 3976 39
0 0 0 0 3976 39
0 0 0 0 3977 36
0 0 0 0 3978 36
0 0 0 0 3978 36
0 0 0 0 3978 35
0 0 0 0 3978 35
0 0 0 0 3978 35
0 0 0 0 3978 35
0 0 0 0 3978 35
0 0 0 0 3978 35
0 0 0 0 3978 35
0 0 0 0 3978 35
0 0 0 0 3980 34
0 0 0 0 3980 31
0 0 0 0 3981 28
0 0 0 0 3983 22
0 0 0 0 3988 15
0 0 0 0 3990 8
0 0 0 0 3993 1
0 0 0 0 3998 -7
0 0 0 0 4002 -14
0 0 0 0 4005 -17
0 0 0 0 4009 -22
0 0 0 0 4012 -26
0 0 0 0 4012 -31
0 0 0 0 4014 -32
0 0 0 0 4015 -35
0 0 0 0 4016 -39
0 0 0 0 4018 -44
0 0 0 0 4021 -50
0 0 0 0 4023 -55
0 0 0 0 4026 -63
0 0 0 0 4030 -72
0 0 0 0 4033 -76
0 0 0 0 4034 -83
0 0 0 0 4036 -86
0 0 0 0 4037 -92
0 0 0 0 4041 -97
0 0 0 0 4042 -101
0 0 0 0 4045 -106
0 0 0 0 4047 -109
0 0 0 0 4047 -110
0 0 0 0 4048 -112
0 0 0 0 4048 -113
0 0 0 0 4051 -118
0 0 0 0 4052 -122
0 0 0 0 4056 -130
0 0 0 0 4057 -135
0 0 0 0 4060 -139
0 0 0 0 4062 -142
0 0 0 0 4065 -147
0 0 0 0 4068 -153
0 0 0 0 4069 -155
0 0 0 0 4074 -165
0 0 0 0 4075 -170
0 0 0 0 4077 -172
0 0 0 0 4078 -175
0 0 0 0 4080 -176
0 0 0 0 4083 -182
0 0 0 0 4084 -185
0 0 0 0 4087 -189
0 0 0 0 4089 -192
0 0 0 0 4092 -195
0 0 0 0 4095 -197
0 0 0 0 4096 -199
0 0 0 0 4099 -201
0 0 0 0 4100 -202
0 0 0 0 4103 -205
0 0 0 0 4104 -205
0 0 0 0 4107 -207
0 0 0 0 4109 -208
0 0 0 0 4112 -211
0 0 0 0 4114 -212
0 0 0 0 4117 -214
0 0 0 0 4119 -215
0 0 0 0 4122 -216
0 0 0 0 4123 -216
0 0 0 0 4124 -218
0 0 0 0 4124 -218
0 0 0 0 4127 -219
0 0 0 0 4127 -219
0 0 0 0 4130 -219
0 0 0 0 4130 -219
0 0 0 0 4133 -219
0 0 0 0 4136 -219
0 0 0 0 4137 -221
0 0 0 0 4139 -221
0 0 0 0 4140 -221
0 0 0 0 4143 -221
0 0 0 0 4144 -221
0 0 0 0 4147 -222
0 0 0 0 4150 -222
0 0 0 0 4151 -222
0 0 0 0 4154 -222
0 0 0 0 4160 -222
0 0 0 0 4162 -222
0 0 0 0 4163 -222
0 0 0 0 4166 -222
0 0 0 0 4169 -222
0 0 0 0 4172 -222
0 0 0 0 4173 -222
0 0 0 0 4176 -222
0 0 0 0 4177 -222
0 0 0 0 4188 -219
0 0 0 0 4188 -219
0 0 0 0 4189 -219
0 0 0 0 4193 -217
0 0 0 0 4196 -216
0 0 0 0 4198 -214
0 0 0 0 4199 -214
0 0 0 0 4204 -213
0 0 0 0 4209 -211
0 0 0 0 4213 -208
0 0 0 0 4224 -205
0 0 0 0 4225 -205
0 0 0 0 4239 -203
0 0 0 0 4244 -202
0 0 0 0 4245 -202
0 0 0 0 4250 -202
0 0 0 0 4256 -200
0 0 0 0 4256 -200
0 0 0 0 4265 -199
0 0 0 0 4277 -197
0 0 0 0 4285 -195
0 0 0 0 4292 -194
0 0 0 0 4297 -194
0 0 0 0 4303 -192
0 0 0 0 4311 -192
0 0 0 0 4323 -191
0 0 0 0 4332 -191
0 0 0 0 4338 -191
0 0 0 0 4340 -191
0 0 0 0 4346 -191
0 0 0 0 4354 -191
0 0 0 0 4360 -189
0 0 0 0 4365 -188
0 0 0 0 4378 -186
0 0 0 0 4383 -186
0 0 0 0 4386 -186
0 0 0 0 4390 -186
0 0 0 0 4398 -186
0 0 0 0 4404 -186
0 0 0 0 4411 -186
0 0 0 0 4414 -186
0 0 0 0 4422 -186
0 0 0 0 4426 -186
0 0 0 0 4429 -186
0 0 0 0 4432 -186
0 0 0 0 4435 -186
0 0 0 0 4439 -186
0 0 0 0 4445 -186
0 0 0 0 4452 -188
0 0 0 0 4468 -188
0 0 0 0 4479 -188
0 0 0 0 4486 -188
0 0 0 0 4495 -188
0 0 0 0 4502 -188
0 0 0 0 4508 -188
0 0 0 0 4511 -188
0 0 0 0 4512 -188
0 0 0 0 4514 -188
0 0 0 0 4515 -188
0 0 0 0 4519 -188
0 0 0 0 4524 -188
0 0 0 0 4530 -188
0 0 0 0 4536 -188
0 0 0 0 4545 -188
0 0 0 0 4553 -188
0 0 0 0 4562 -188
0 0 0 0 4565 -188
0 0 0 0 4574 -188
0 0 0 0 4578 -188
0 0 0 0 4583 -188
0 0 0 0 4588 -188
0 0 0 0 4591 -188
0 0 0 0 4594 -188
0 0 0 0 4600 -188
0 0 0 0 4605 -188
0 0 0 0 4607 -188
0 0 0 0 4612 -188
0 0 0 0 4615 -188
0 0 0 0 4618 -188
0 0 0 0 4620 -188
0 0 0 0 4625 -188
0 0 0 0 4629 -188
0 0 0 0 4634 -188
0 0 0 0 4638 -188
0 0 0 0 4641 -188
0 0 0 0 4646 -188
0 0 0 0 4650 -189
0 0 0 0 4656 -189
0 0 0 0 4678 -189
0 0 0 0 4679 -189
0 0 0 0 4686 -191
0 0 0 0 4694 -193
0 0 0 0 4699 -193
0 0 0 0 4707 -193
0 0 0 0 4713 -193
0 0 0 0 4721 -193
0 0 0 0 4732 -193
0 0 0 0 4741 -193
0 0 0 0 4749 -193
0 0 0 0 4768 -193
0 0 0 0 4768 -193
0 0 0 0 4787 -193
0 0 0 0 4790 -193
0 0 0 0 4806 -193
0 0 0 0 4814 -193
0 0 0 0 4820 -193
0 0 0 0 4831 -193
0 0 0 0 4837 -193
0 0 0 0 4844 -193
0 0 0 0 4850 -192
0 0 0 0 4854 -192
0 0 0 0 4860 -192
0 0 0 0 4865 -192
0 0 0 0 4871 -192
0 0 0 0 4876 -192
0 0 0 0 4891 -190
0 0 0 0 4894 -190
0 0 0 0 4903 -190
0 0 0 0 4914 -189
0 0 0 0 4919 -187
0 0 0 0 4925 -185
0 0 0 0 4932 -185
0 0 0 0 4938 -184
0 0 0 0 4942 -183
0 0 0 0 4946 -183
0 0 0 0 4949 -183
0 0 0 0 4952 -181
0 0 0 0 4953 -181
0 0 0 0 4956 -181
0 0 0 0 4959 -181
0 0 0 0 4962 -180
0 0 0 0 4965 -180
0 0 0 0 4967 -178
0 0 0 0 4970 -178
0 0 0 0 4975 -177
0 0 0 0 4978 -177
0 0 0 0 4980 -177
0 0 0 0 4983 -177
0 0 0 0 4988 -176
0 0 0 0 4992 -176
0 0 0 0 5002 -174
0 0 0 0 5013 -172
0 0 0 0 5021 -171
0 0 0 0 5027 -169
0 0 0 0 5036 -167
0 0 0 0 5041 -167
0 0 0 0 5045 -165
0 0 0 0 5048 -165
0 0 0 0 5051 -165
0 0 0 0 5054 -164
0 0 0 0 5059 -161
0 0 0 0 5065 -159
0 0 0 0 5071 -158
0 0 0 0 5076 -155
0 0 0 0 5081 -153
0 0 0 0 5086 -152
0 0 0 0 5091 -152
0 0 0 0 5093 -152
0 0 0 0 5097 -150
0 0 0 0 5099 -149
0 0 0 0 5102 -149
0 0 0 0 5106 -147
0 0 0 0 5111 -145
0 0 0 0 5114 -144
0 0 0 0 5120 -141
0 0 0 0 5123 -141
0 0 0 0 5126 -140
0 0 0 0 5132 -137
0 0 0 0 5132 -137
0 0 0 0 5135 -135
0 0 0 0 5135 -135
0 0 0 0 5138 -135
0 0 0 0 5139 -134
0 0 0 0 5141 -132
0 0 0 0 5142 -131
0 0 0 0 5143 -129
0 0 0 0 5143 -129
0 0 0 0 5145 -129
0 0 0 0 5146 -128
0 0 0 0 5149 -125
0 0 0 0 5150 -124
0 0 0 0 5152 -122
0 0 0 0 5156 -121
0 0 0 0 5159 -118
0 0 0 0 5162 -116
0 0 0 0 5165 -116
0 0 0 0 5169 -113
0 0 0 0 5170 -110
0 0 0 0 5179 -104
0 0 0 0 5184 -100
0 0 0 0 5185 -99
0 0 0 0 5191 -94
0 0 0 0 5194 -90
0 0 0 0 5197 -88
0 0 0 0 5199 -86
0 0 0 0 5202 -81
0 0 0 0 5205 -78
0 0 0 0 5206 -75
0 0 0 0 5207 -72
0 0 0 0 5209 -71
0 0 0 0 5210 -68
0 0 0 0 5212 -64
0 0 0 0 5213 -61
0 0 0 0 5213 -58
0 0 0 0 5215 -55
0 0 0 0 5215 -51
0 0 0 0 5215 -46
0 0 0 0 5216 -42
0 0 0 0 5217 -37
0 0 0 0 5217 -28
0 0 0 0 5217 -24
0 0 0 0 5217 -19
0 0 0 0 5217 -14
0 0 0 0 5217 -10
0 0 0 0 5217 -7
0 0 0 0 5217 -3
0 0 0 0 5217 4
0 0 0 0 5217 6
0 0 0 0 5217 11
0 0 0 0 5217 14
0 0 0 0 5217 21
0 0 0 0 5217 26
0 0 0 0 5217 29
0 0 0 0 5217 31
0 0 0 0 5217 34
0 0 0 0 5217 36
0 0 0 0 5219 37
0 0 0 0 5219 40
0 0 0 0 5219 43
0 0 0 0 5219 46
0 0 0 0 5219 49
0 0 0 0 5219 53
0 0 0 0 5219 57
0 0 0 0 5219 60
0 0 0 0 5219 61
0 0 0 0 5219 64
0 0 0 0 5219 68
0 0 0 0 5219 71
0 0 0 0 5219 74
0 0 0 0 5219 77
0 0 0 0 5219 81
0 0 0 0 5219 84
0 0 0 0 5219 87
0 0 0 0 5219 91
0 0 0 0 5219 94
0 0 0 0 5219 97
0 0 0 0 5219 101
0 0 0 0 5219 104
0 0 0 0 5219 107
0 0 0 0 5219 111
0 0 0 0 5219 114
0 0 0 0 5219 116
0 0 0 0 5219 119
0 0 0 0 5219 123
0 0 0 0 5218 126
0 0 0 0 5218 129
0 0 0 0 5218 132
0 0 0 0 5217 135
0 0 0 0 5215 142
0 0 0 0 5215 145
0 0 0 0 5214 150
0 0 0 0 5214 151
0 0 0 0 5214 154
0 0 0 0 5214 157
0 0 0 0 5212 161
0 0 0 0 5212 164
0 0 0 0 5212 167
0 0 0 0 5211 170
0 0 0 0 5211 172
0 0 0 0 5209 175
0 0 0 0 5209 180
0 0 0 0 5208 184
0 0 0 0 5206 189
0 0 0 0 5205 192
0 0 0 0 5203 196
0 0 0 0 5202 199
0 0 0 0 5200 201
0 0 0 0 5199 205
0 0 0 0 5196 210
0 0 0 0 5190 223
0 0 0 0 5187 228
0 0 0 0 5185 229
0 0 0 0 5184 232
0 0 0 0 5183 234
0 0 0 0 5183 235
0 0 0 0 5181 236
0 0 0 0 5178 239
0 0 0 0 5175 244
0 0 0 0 5171 248
0 0 0 0 5169 251
0 0 0 0 5165 256
0 0 0 0 5163 256
0 0 0 0 5163 257
0 0 0 0 5162 259
0 0 0 0 5157 260
0 0 0 0 5154 262
0 0 0 0 5153 263
0 0 0 0 5150 265
0 0 0 0 5147 266
0 0 0 0 5145 267
0 0 0 0 5142 267
0 0 0 0 5137 267
0 0 0 0 5130 269
0 0 0 0 5124 271
0 0 0 0 5110 272
0 0 0 0 5105 272
0 0 0 0 5101 274
0 0 0 0 5099 274
0 0 0 0 5098 274
0 0 0 0 5092 276
0 0 0 0 5085 276
0 0 0 0 5082 276
0 0 0 0 5076 277
0 0 0 0 5064 279
0 0 0 0 5063 279
0 0 0 0 5052 280
0 0 0 0 5046 282
0 0 0 0 5041 282
0 0 0 0 5035 283
0 0 0 0 5029 283
0 0 0 0 5024 283
0 0 0 0 5019 283
0 0 0 0 5011 283
0 0 0 0 5008 283
0 0 0 0 5002 283
0 0 0 0 4995 283
0 0 0 0 4990 283
0 0 0 0 4990 283
0 0 0 0 4971 283
0 0 0 0 4971 283
0 0 0 0 4954 283
0 0 0 0 4948 283
0 0 0 0 4942 283
0 0 0 0 4935 283
0 0 0 0 4932 283
0 0 0 0 4922 281
0 0 0 0 4909 279
0 0 0 0 4896 277
0 0 0 0 4876 273
0 0 0 0 4876 273
0 0 0 0 4863 271
0 0 0 0 4857 271
0 0 0 0 4851 271
0 0 0 0 4842 270
0 0 0 0 4835 270
0 0 0 0 4827 270
0 0 0 0 4814 270
0 0 0 0 4804 270
0 0 0 0 4783 270
0 0 0 0 4770 270
0 0 0 0 4759 270
0 0 0 0 4751 270
0 0 0 0 4742 270
0 0 0 0 4736 270
0 0 0 0 4730 270
0 0 0 0 4725 270
0 0 0 0 4722 270
0 0 0 0 4716 270
0 0 0 0 4708 270
0 0 0 0 4703 270
0 0 0 0 4698 270
0 0 0 0 4694 270
0 0 0 0 4690 270
0 0 0 0 4687 270
0 0 0 0 4672 270
0 0 0 0 4664 270
0 0 0 0 4657 270
0 0 0 0 4653 270
0 0 0 0 4647 270
0 0 0 0 4642 272
0 0 0 0 4638 272
0 0 0 0 4636 273
0 0 0 0 4632 273
0 0 0 0 4627 274
0 0 0 0 4611 275
0 0 0 0 4602 277
0 0 0 0 4591 277
0 0 0 0 4586 277
0 0 0 0 4580 277
0 0 0 0 4564 279
0 0 0 0 4558 281
0 0 0 0 4553 282
0 0 0 0 4547 284
0 0 0 0 4537 286
0 0 0 0 4535 286
0 0 0 0 4531 286
0 0 0 0 4523 287
0 0 0 0 4518 289
0 0 0 0 4512 289
0 0 0 0 4504 290
0 0 0 0 4495 292
0 0 0 0 4479 294
0 0 0 0 4474 296
0 0 0 0 4469 298
0 0 0 0 4463 298
0 0 0 0 4458 298
0 0 0 0 4452 298
0 0 0 0 4448 298
0 0 0 0 4445 299
0 0 0 0 4438 301
0 0 0 0 4435 301
0 0 0 0 4431 301
0 0 0 0 4422 301
0 0 0 0 4416 301
0 0 0 0 4411 301
0 0 0 0 4407 301
0 0 0 0 4399 301
0 0 0 0 4390 301
0 0 0 0 4379 301
0 0 0 0 4369 301
0 0 0 0 4358 301
0 0 0 0 4345 301
0 0 0 0 4336 300
0 0 0 0 4330 300
0 0 0 0 4320 300
0 0 0 0 4314 300
0 0 0 0 4309 300
0 0 0 0 4306 300
0 0 0 0 4302 300
0 0 0 0 4299 300
0 0 0 0 4296 300
0 0 0 0 4295 300
0 0 0 0 4292 300
0 0 0 0 4289 300
0 0 0 0 4282 300
0 0 0 0 4282 300
0 0 0 0 4271 300
0 0 0 0 4266 302
0 0 0 0 4263 302
0 0 0 0 4260 303
0 0 0 0 4256 303
0 0 0 0 4251 305
0 0 0 0 4245 305
0 0 0 0 4244 306
0 0 0 0 4241 306
0 0 0 0 4235 308
0 0 0 0 4230 308
0 0 0 0 4224 310
0 0 0 0 4214 311
0 0 0 0 4207 311
0 0 0 0 4207 313
0 0 0 0 4203 313
0 0 0 0 4197 314
0 0 0 0 4196 314
0 0 0 0 4193 316
0 0 0 0 4190 316
0 0 0 0 4187 316
0 0 0 0 4181 317
0 0 0 0 4171 319
0 0 0 0 4160 321
0 0 0 0 4159 321
0 0 0 0 4154 322
0 0 0 0 4149 323
0 0 0 0 4133 328
0 0 0 0 4129 331
0 0 0 0 4122 332
0 0 0 0 4116 335
0 0 0 0 4113 335
0 0 0 0 4102 339
0 0 0 0 4101 340
0 0 0 0 4096 342
0 0 0 0 4092 343
0 0 0 0 4084 345
0 0 0 0 4081 346
0 0 0 0 4080 346
0 0 0 0 4078 346
0 0 0 0 4076 348
0 0 0 0 4073 349
0 0 0 0 4070 351
0 0 0 0 4069 351
0 0 0 0 4066 352
0 0 0 0 4063 354
0 0 0 0 4061 355
0 0 0 0 4059 355
0 0 0 0 4054 357
0 0 0 0 4051 358
0 0 0 0 4048 358
0 0 0 0 4047 358
0 0 0 0 4043 359
0 0 0 0 4040 359
0 0 0 0 4037 359
0 0 0 0 4034 361
0 0 0 0 4031 361
0 0 0 0 4028 361
0 0 0 0 4025 362
0 0 0 0 4023 362
0 0 0 0 4018 362
0 0 0 0 4012 364
0 0 0 0 4006 365
0 0 0 0 4005 365
0 0 0 0 4000 367
0 0 0 0 3999 367
0 0 0 0 3997 367
0 0 0 0 3996 368
0 0 0 0 3995 369
0 0 0 0 3993 369
0 0 0 0 3992 371
0 0 0 0 3992 371
0 0 0 0 3990 372
0 0 0 0 3990 372
0 0 0 0 3990 372
0 0 0 0 3990 372
0 0 0 0 3990 372
0 0 0 0 3990 372
0 0 0 0 3990 372
0 0 0 0 3990 372
0 0 0 0 3990 372
0 0 0 0 3990 372
0 0 0 0 3990 372
0 0 0 0 3990 372
0 0 0 0 3990 372
0 0 0 0 3990 372
0 0 0 0 3990 372
0 0 0 0 3990 374
0 0 0 0 3989 374
0 0 0 0 3989 374
0 0 0 0 3989 374
0 0 0 0 3989 374
0 0 0 0 3989 374
0 0 0 0 3987 374
0 0 0 0 3987 374
0 0 0 0 3986 374
0 0 0 0 3986 374
0 0 0 0 3983 373
0 0 0 0 3982 372
0 0 0 0 3979 369
0 0 0 0 3974 368
0 0 0 0 3968 366
0 0 0 0 3962 364
0 0 0 0 3961 364
0 0 0 0 3961 364
0 0 0 0 3961 364
0 0 0 0 3961 364
0 0 0 0 3961 364
0 0 0 0 3961 363
0 0 0 0 3958 363
0 0 0 0 3956 362
0 0 0 0 3955 362
0 0 0 0 3955 360
0 0 0 0 3952 360
0 0 0 0 3951 359
0 0 0 0 3951 359
0 0 0 0 3948 357
0 0 0 0 3946 357
0 0 0 0 3944 356
0 0 0 0 3942 356
0 0 0 0 3941 354
0 0 0 0 3941 354
0 0 0 0 3938 354
0 0 0 0 3935 353
0 0 0 0 3934 352
0 0 0 0 3929 350
0 0 0 0 3926 350
0 0 0 0 3923 349
0 0 0 0 3921 347
0 0 0 0 3919 347
0 0 0 0 3918 347
0 0 0 0 3918 347
0 0 0 0 3918 347
0 0 0 0 3918 347
0 0 0 1 3918 347
0 0 0 1 3918 347
0 0 0 1 3918 347
0 0 0 1 3918 347
0 0 0 1 3918 347
0 0 0 1 3918 347
0 0 0 1 3918 347
0 0 0 1 3918 347
0 0 0 1 3918 347
0 0 0 1 3918 347
0 0 0 1 3915 347
0 0 0 1 3915 347
0 0 0 1 3912 346
0 0 0 1 3909 346
0 0 0 1 3909 344
0 0 0 1 3905 342
0 0 0 1 3902 342
0 0 0 1 3898 340
0 0 0 1 3893 337
0 0 0 1 3888 335
0 0 0 1 3887 334
0 0 0 1 3884 331
1 0 0 1 3878 328
1 0 0 0 3873 325
1 0 0 0 3872 324
1 0 0 0 3872 324
1 0 0 0 3872 324
1 0 0 0 3870 324
1 0 0 0 3870 324
1 0 0 0 3870 324
1 0 0 0 3870 324
1 0 0 0 3870 322
1 0 0 0 3870 322
1 0 0 0 3870 322
1 0 0 0 3870 321
1 0 0 0 3870 321
1 0 0 0 3870 321
1 0 0 0 3872 319
1 0 0 0 3874 319
1 0 0 0 3876 319
1 0 0 0 3879 319
1 0 0 0 3881 319
1 0 0 0 3887 319
1 0 0 1 3890 319
1 0 0 1 3907 319
1 0 0 1 3915 319
1 0 0 1 3921 319
1 0 0 1 3926 319
1 0 0 1 3927 319
1 0 0 1 3930 319
1 0 0 1 3930 319
1 0 0 1 3930 319
1 0 0 1 3930 319
1 0 0 1 3930 319
1 0 0 1 3930 319
1 0 0 1 3930 319
1 0 0 1 3930 319
1 0 0 1 3930 319
1 0 0 1 3930 319
1 0 0 1 3930 319
1 0 0 1 3930 318
1 0 0 1 3927 318
1 0 0 1 3924 316
1 0 0 1 3921 315
1 0 0 1 3918 314
1 0 0 1 3917 312
1 0 0 1 3917 312
1 0 0 1 3917 312
1 0 0 1 3917 312
1 0 0 1 3917 312
1 0 0 1 3919 311
1 0 0 1 3922 311
1 0 0 1 3924 311
1 0 0 1 3932 309
1 0 0 1 3935 309
1 0 0 1 3935 309
1 0 0 1 3935 309
1 0 0 1 3935 308
1 0 0 1 3936 308
1 0 0 1 3938 305
1 0 0 1 3939 304
1 0 0 1 3940 302
1 0 0 1 3940 302
1 0 0 1 3942 301
1 0 0 1 3942 301
1 0 0 1 3942 301
1 0 0 1 3942 301
1 0 0 1 3943 299
1 0 0 1 3945 298
1 0 0 1 3950 295
1 0 0 1 3952 293
1 0 0 1 3957 290
1 0 0 1 3968 279
1 0 0 1 3976 275
1 0 0 1 3977 273
1 0 0 1 3984 268
1 0 0 1 3991 261
1 0 0 1 3994 260
1 0 0 1 3995 258
1 0 0 1 3995 258
1 0 0 1 3995 257
1 0 0 1 3998 254
1 0 0 1 4000 251
1 0 0 1 4000 250
1 0 0 1 4001 249
1 0 0 1 4003 246
1 0 0 1 4006 242
1 0 0 1 4007 239
1 0 0 1 4009 234
1 0 0 1 4010 232
1 0 0 1 4012 230
1 0 0 1 4012 229
1 0 0 1 4012 227
1 0 0 1 4013 226
1 0 0 1 4013 224
1 0 0 1 4013 223
1 0 0 1 4014 220
1 0 0 1 4014 217
1 0 0 1 4016 212
1 0 0 1 4016 206
1 0 0 1 4017 203
1 0 0 1 4017 201
1 0 0 1 4017 198
1 0 0 1 4017 188
1 0 0 1 4017 186
1 0 0 1 4017 184
1 0 0 1 4017 181
1 0 0 1 4017 180
1 0 0 1 4017 177
1 0 0 1 4017 174
1 0 0 1 4017 167
1 0 0 1 4015 158
1 0 0 1 4014 154
1 0 0 1 4012 147
1 0 0 1 4012 143
1 0 0 1 4011 136
1 0 0 1 4011 131
1 0 0 1 4009 119
1 0 0 1 4008 114
1 0 0 1 4007 111
1 0 0 1 4007 106
1 0 0 1 4007 103
1 0 0 1 4005 100
1 0 0 1 4005 93
1 0 0 1 4004 90
1 0 0 1 4004 84
1 0 0 1 4002 79
1 0 0 1 3998 72
1 0 0 1 3995 65
1 0 0 1 3990 51
1 0 0 1 3984 40
0 0 0 1 3983 32
0 0 0 1 3981 27
0 0 0 1 3978 24
0 0 0 1 3978 21
0 0 0 1 3976 18
0 0 0 1 3975 15
0 0 0 1 3970 6
0 0 0 1 3969 1
0 0 0 1 3967 -4
0 0 0 1 3966 -5
0 0 0 1 3964 -10
0 0 0 1 3959 -15
0 0 0 1 3954 -21
0 0 0 1 3951 -26
0 0 0 1 3946 -31
0 0 0 1 3945 -32
0 0 0 1 3942 -32
0 0 0 1 3941 -33
0 0 0 1 3938 -36
0 0 0 1 3923 -41
0 0 0 1 3919 -43
1 0 0 1 3908 -48
1 0 0 1 3897 -52
1 0 0 1 3884 -58
1 0 0 1 3876 -61
1 0 0 1 3869 -62
1 0 0 1 3859 -62
1 0 0 1 3853 -64
1 0 0 1 3852 -64
1 0 0 1 3846 -64
1 0 0 1 3843 -64
1 0 0 1 3841 -64
1 0 0 1 3837 -63
1 0 0 1 3831 -63
1 0 0 1 3820 -62
1 0 0 1 3809 -62
1 0 0 1 3804 -62
1 0 0 1 3799 -62
1 0 0 1 3796 -62
1 0 0 1 3794 -62
1 0 0 1 3791 -62
1 0 0 1 3788 -62
1 0 0 1 3783 -62
1 0 0 1 3777 -62
1 0 0 1 3771 -62
1 0 0 1 3766 -62
1 0 0 1 3765 -62
1 0 0 1 3765 -62
1 0 0 1 3765 -62
1 0 0 1 3765 -62
1 0 0 1 3765 -62
1 0 0 1 3764 -62
1 0 0 1 3762 -62
1 0 0 1 3762 -62
1 0 0 1 3761 -62
1 0 0 1 3758 -65
1 0 0 1 3755 -68
1 0 0 1 3754 -69
1 0 0 1 3751 -72
1 0 0 1 3751 -74
1 0 0 1 3749 -74
1 0 0 1 3749 -75
1 0 0 1 3747 -79
1 0 0 1 3745 -81
1 0 0 1 3744 -84
1 0 0 1 3741 -85
1 0 0 1 3739 -88
1 0 0 1 3738 -91
1 0 0 1 3737 -91
1 0 0 1 3732 -95
1 0 0 1 3731 -96
1 0 0 1 3728 -96
1 0 0 1 3727 -98
1 0 0 1 3725 -99
1 0 0 1 3724 -99
1 0 0 1 3716 -102
1 0 0 1 3714 -104
1 0 0 1 3712 -104
1 0 0 1 3709 -105
1 0 0 1 3706 -106
1 0 0 1 3703 -108
1 0 0 1 3700 -108
1 0 0 1 3697 -111
1 0 0 1 3692 -112
1 0 0 1 3686 -114
1 0 0 1 3682 -116
1 0 0 1 3679 -117
1 0 0 1 3675 -117
1 0 0 1 3673 -117
1 0 0 1 3670 -118
1 0 0 1 3662 -120
1 0 0 1 3653 -122
1 0 0 1 3649 -123
1 0 0 1 3644 -125
1 0 0 1 3638 -125
1 0 0 1 3634 -127
1 0 0 1 3628 -127
1 0 0 1 3625 -128
1 0 0 1 3616 -128
1 0 0 1 3610 -129
1 0 0 1 3603 -131
1 0 0 1 3595 -133
1 0 0 1 3591 -133
1 0 0 1 3583 -135
1 0 0 1 3579 -135
1 0 0 1 3576 -136
1 0 0 1 3573 -137
1 0 0 1 3571 -137
1 0 0 1 3568 -138
1 0 0 1 3562 -142
1 0 0 1 3555 -143
1 0 0 1 3548 -149
1 0 0 1 3547 -149
1 0 0 1 3537 -153
1 0 0 1 3529 -160
1 0 0 1 3524 -164
1 0 0 1 3524 -164
1 0 0 1 3519 -170
1 0 0 1 3516 -173
1 0 0 1 3515 -176
1 0 0 1 3512 -181
1 0 0 1 3505 -189
1 0 0 1 3502 -192
1 0 0 1 3499 -197
1 0 0 1 3497 -198
1 0 0 1 3489 -208
1 0 0 1 3489 -208
1 0 0 1 3482 -214
1 0 0 1 3477 -217
1 0 0 1 3467 -224
1 0 0 1 3462 -225
0 0 0 1 3461 -227
0 0 0 1 3456 -228
0 0 0 1 3447 -231
1 0 0 1 3434 -233
1 0 0 1 3418 -235
1 0 0 1 3413 -235
1 0 0 1 3372 -243
1 0 0 1 3351 -246
1 0 0 1 3348 -247
1 0 0 1 3325 -249
1 0 0 1 3314 -251
1 0 0 1 3305 -253
1 0 0 1 3298 -255
0 0 0 1 3292 -255
0 0 0 1 3292 -255
0 0 0 1 3292 -255
0 0 0 1 3291 -255
0 0 0 1 3289 -255
0 0 0 1 3285 -255
0 0 0 1 3284 -255
0 0 0 1 3279 -255
0 0 0 1 3275 -255
0 0 0 1 3272 -255
0 0 0 1 3271 -255
0 0 0 1 3269 -255
0 0 0 1 3269 -255
0 0 0 1 3265 -255
0 0 0 1 3257 -255
0 0 1 1 3249 -255
0 0 1 1 3240 -255
0 0 1 1 3222 -255
0 0 1 1 3221 -255
0 0 1 1 3213 -255
0 0 1 1 3203 -255
0 0 1 1 3199 -256
0 0 1 1 3194 -256
0 0 1 1 3191 -256
0 0 1 1 3190 -256
0 0 1 1 3187 -256
0 0 1 1 3183 -256
0 0 1 1 3182 -256
0 0 1 1 3180 -256
0 0 1 1 3179 -256
0 0 1 1 3174 -256
0 0 1 1 3170 -256
0 0 1 1 3166 -256
0 0 1 1 3163 -256
0 0 1 1 3158 -256
0 0 1 1 3155 -256
0 0 1 1 3151 -256
0 0 1 1 3144 -256
0 0 1 1 3129 -255
0 0 1 1 3118 -254
0 0 1 1 3104 -252
0 0 1 1 3096 -250
0 0 1 1 3090 -250
0 0 1 1 3081 -248
0 0 1 1 3081 -248
0 0 1 1 3080 -248
0 0 1 1 3077 -248
0 0 1 1 3073 -247
0 0 1 1 3068 -244
0 0 1 1 3060 -244
0 0 1 1 3059 -244
0 0 1 1 3047 -242
0 0 1 1 3021 -242
0 0 1 1 3005 -242
0 0 1 1 3002 -242
0 0 1 1 2984 -242
0 0 1 1 2978 -242
0 0 1 1 2971 -242
0 0 1 1 2968 -241
0 0 1 1 2965 -241
0 0 1 1 2959 -239
0 0 1 1 2953 -236
0 0 1 1 2944 -236
0 0 1 1 2941 -236
0 0 1 1 2930 -236
0 0 1 1 2920 -236
0 0 1 1 2884 -236
0 0 1 1 2866 -238
0 0 1 1 2857 -240
0 0 1 1 2854 -241
0 0 1 1 2854 -241
0 0 1 1 2854 -241
0 0 1 1 2854 -241
0 0 1 1 2853 -241
0 0 1 1 2849 -241
0 0 1 1 2846 -241
0 0 1 1 2841 -241
0 0 1 1 2838 -241
0 0 1 1 2836 -241
0 0 1 1 2834 -241
0 0 1 1 2827 -241
0 0 1 1 2808 -241
0 0 1 1 2808 -241
0 0 1 1 2798 -243
0 0 1 1 2783 -245
0 0 1 1 2775 -246
0 0 1 1 2770 -246
0 0 1 1 2767 -248
0 0 1 1 2766 -248
0 0 1 1 2765 -248
0 0 1 1 2763 -248
0 0 1 1 2749 -247
0 0 1 1 2738 -247
0 0 1 1 2730 -247
0 0 0 1 2715 -247
0 0 0 1 2704 -247
0 0 0 1 2702 -247
0 0 0 1 2694 -247
0 0 0 1 2688 -247
0 0 0 1 2682 -247
0 0 0 1 2681 -247
0 0 0 1 2678 -247
0 0 0 1 2676 -247
0 0 0 1 2670 -246
0 0 0 1 2662 -246
0 0 0 1 2656 -244
0 0 0 1 2646 -244
0 0 0 1 2639 -244
0 0 0 1 2629 -244
0 0 0 1 2625 -244
0 0 0 1 2608 -244
0 0 0 1 2593 -244
0 0 0 1 2592 -244
0 0 0 1 2589 -244
0 0 0 1 2586 -244
0 0 0 1 2586 -244
0 0 0 1 2583 -244
0 0 0 1 2580 -244
0 0 0 1 2578 -244
0 0 0 1 2575 -244
0 0 0 1 2573 -244
0 0 0 1 2570 -244
0 0 0 1 2558 -244
0 0 0 1 2544 -245
0 0 0 1 2531 -247
0 0 0 1 2515 -251
0 0 0 1 2505 -251
0 0 0 1 2482 -256
0 0 0 1 2476 -256
0 0 0 1 2475 -256
0 0 0 1 2475 -256
0 0 0 1 2475 -256
0 0 0 1 2473 -256
0 0 0 1 2469 -256
0 0 0 1 2463 -256
0 0 0 1 2461 -256
0 0 0 1 2454 -256
0 0 0 1 2439 -258
0 0 0 1 2423 -262
0 0 0 1 2418 -262
0 0 0 1 2388 -268
0 0 0 1 2374 -272
0 0 0 1 2369 -273
0 0 0 1 2368 -273
0 0 0 1 2368 -273
0 0 0 1 2367 -273
0 0 0 1 2362 -273
0 0 0 1 2360 -273
0 0 0 1 2357 -273
0 0 0 1 2354 -273
0 0 0 1 2344 -273
0 0 0 1 2336 -273
0 0 0 1 2318 -273
0 0 0 1 2306 -273
0 0 0 1 2292 -273
0 0 0 1 2287 -273
0 0 0 1 2274 -273
0 0 0 1 2251 -273
0 0 0 1 2222 -273
0 0 0 1 2219 -273
0 0 0 1 2203 -271
0 0 0 1 2173 -266
0 0 0 1 2160 -266
0 0 0 1 2155 -264
0 0 0 1 2118 -258
0 0 0 1 2096 -254
0 0 0 1 2073 -254
0 0 0 1 2066 -254
0 0 0 1 2038 -254
0 0 0 1 2001 -254
0 0 0 1 1978 -254
0 0 0 1 1935 -252
0 0 0 1 1924 -253
0 0 0 1 1924 -253
0 0 0 1 1924 -253
0 0 0 1 1924 -253
0 0 0 1 1924 -253
0 0 0 0 1924 -253
0 0 0 0 1924 -253
0 0 0 0 1924 -253
0 0 0 0 1924 -253
0 0 0 0 1924 -253
0 0 0 0 1924 -253
0 0 0 0 1924 -253
0 0 0 0 1924 -253
0 0 0 0 1924 -253
0 0 0 0 1924 -253
0 0 0 0 1924 -253
0 0 0 0 1924 -253
0 0 0 0 1924 -253
0 0 0 0 1924 -253
0 0 0 0 1924 -253
0 0 0 0 1924 -253
0 0 0 0 1924 -253
0 0 0 0 1924 -253
0 0 0 0 1924 -253
0 0 0 0 1924 -253
0 0 0 0 1924 -253
0 0 0 0 1924 -253
0 0 0 0 1924 -253
0 0 0 0 1924 -253
0 0 0 0 1924 -253
0 0 0 0 1926 -256
0 0 0 0 1927 -256
0 0 0 0 1922 -253
0 0 0 0 1915 -247
0 0 0 0 1906 -239
0 0 0 0 1904 -233
0 0 0 0 1903 -231
0 0 0 0 1901 -227
0 0 0 0 1896 -216
0 0 0 0 1889 -206
0 0 0 0 1887 -205
0 0 0 0 1884 -202
0 0 0 0 1881 -197
0 0 0 0 1876 -191
0 0 0 0 1868 -182
0 0 0 0 1855 -175
0 0 0 0 1848 -170
0 0 0 0 1841 -165
0 0 0 0 1840 -163
0 0 0 0 1824 -151
0 0 0 0 1816 -146
0 0 0 0 1807 -139
0 0 0 0 1805 -137
0 0 0 0 1801 -134
0 0 0 0 1796 -131
0 0 0 0 1789 -124
0 0 0 0 1782 -119
0 0 0 0 1772 -110
0 0 0 0 1765 -105
0 0 0 0 1757 -94
0 0 0 0 1752 -87
0 0 0 0 1748 -82
0 0 0 0 1747 -79
0 0 0 0 1746 -78
0 0 0 0 1743 -72
0 0 0 0 1741 -67
0 0 0 0 1738 -61
0 0 0 0 1737 -56
0 0 0 0 1735 -51
0 0 0 0 1732 -45
0 0 0 0 1728 -38
0 0 0 0 1728 -33
0 0 0 0 1724 -17
0 0 0 0 1717 -2
0 0 0 0 1717 0
0 0 0 0 1713 16
0 0 0 0 1713 23
0 0 0 0 1713 31
0 0 0 0 1713 32
0 0 0 0 1710 44
0 0 0 0 1708 52
0 0 0 0 1706 60
0 0 0 0 1706 63
0 0 0 0 1705 72
0 0 0 0 1705 79
0 0 0 0 1705 83
0 0 0 0 1703 87
0 0 0 0 1703 87
0 0 0 0 1702 90
0 0 0 0 1700 92
0 0 0 0 1699 95
0 0 0 0 1699 95
0 0 0 0 1697 96
0 0 0 0 1696 97
0 0 0 0 1692 102
0 0 0 0 1690 104
0 0 0 0 1686 111
0 0 0 0 1683 115
0 0 0 0 1678 120
0 0 0 0 1673 123
0 0 0 0 1669 126
0 0 0 0 1663 129
0 0 0 0 1661 131
0 0 0 0 1660 132
0 0 0 0 1660 132
0 0 0 0 1657 135
0 0 0 0 1654 136
0 0 0 0 1651 139
0 0 0 0 1651 139
0 0 0 0 1651 139
0 0 0 0 1650 140
0 0 0 0 1650 140
0 0 0 0 1650 140
0 0 0 0 1650 140
0 0 0 0 1650 140
0 0 0 0 1650 140
0 0 0 0 1650 140
0 0 0 0 1650 140
0 0 0 0 1650 140
0 0 0 0 1648 140
0 0 0 0 1648 140
0 0 0 0 1648 140
0 0 0 0 1648 139
0 0 0 0 1647 139
0 0 0 0 1647 139
0 0 0 0 1647 139
0 0 0 0 1647 139
1 0 0 0 1647 139
1 0 0 0 1647 139
1 0 0 0 1647 139
1 0 0 0 1647 139
1 0 0 0 1647 139
1 0 0 0 1647 139
1 0 0 0 1647 139
1 0 0 0 1647 139
1 0 0 0 1647 139
1 0 0 0 1647 139
1 0 0 0 1647 139
1 0 0 0 1646 139
1 0 0 0 1646 137
1 0 0 0 1644 137
1 0 0 0 1644 137
1 0 0 0 1643 136
1 0 0 0 1637 136
1 0 0 0 1629 136
1 0 0 0 1627 136
1 0 0 0 1619 136
1 0 0 0 1616 136
1 0 0 0 1615 134
1 0 0 0 1615 134
1 0 0 0 1615 134
1 0 0 0 1615 134
1 0 0 0 1615 134
1 0 0 0 1615 134
1 0 0 0 1615 134
1 0 0 0 1614 134
1 0 0 0 1614 134
1 0 0 0 1611 134
1 0 0 0 1606 135
1 0 0 0 1603 136
1 0 0 0 1602 136
1 0 0 0 1599 139
1 0 0 0 1596 140
1 0 0 0 1595 140
1 0 0 0 1594 140
1 0 0 0 1591 142
1 0 0 0 1588 143
1 0 0 0 1587 145
1 0 0 0 1581 146
1 0 0 0 1581 146
1 0 0 0 1581 146
1 0 0 0 1581 146
1 0 0 0 1581 146
1 0 0 0 1581 146
1 0 0 0 1580 148
1 0 0 0 1578 150
1 0 0 0 1577 153
1 0 0 0 1574 158
1 0 0 0 1571 164
1 0 0 0 1568 167
1 0 0 0 1563 178
1 0 0 0 1559 185
1 0 0 0 1559 187
1 0 0 0 1558 191
1 0 0 0 1556 196
1 0 0 0 1555 200
1 0 0 0 1553 203
1 0 0 0 1550 209
1 0 0 0 1550 209
1 0 0 0 1550 209
1 0 0 0 1550 209
1 0 0 0 1550 209
1 0 0 0 1550 210
1 0 0 0 1549 212
1 0 0 0 1549 212
1 0 0 0 1549 212
1 0 0 0 1546 216
1 0 0 0 1545 216
1 0 0 0 1545 217
1 0 0 0 1542 220
1 0 0 0 1541 223
1 0 0 0 1538 226
1 0 0 0 1538 227
1 0 0 0 1538 227
1 0 0 0 1538 227
1 0 0 0 1536 227
1 0 0 0 1536 227
1 0 0 0 1536 227
1 0 0 0 1536 229
1 0 0 0 1535 229
1 0 0 0 1535 230
1 0 0 0 1533 232
1 0 0 0 1533 232
1 0 0 0 1533 232
1 0 0 0 1533 233
1 0 0 0 1533 233
1 0 0 0 1533 233
1 0 0 0 1533 233
1 0 0 0 1533 233
1 0 0 0 1533 233
1 0 0 0 1533 233
1 0 0 0 1533 233
1 0 0 0 1533 233
1 0 0 0 1533 233
1 0 0 0 1533 233
1 0 0 0 1533 233
1 0 0 0 1533 233
1 0 0 0 1533 233
1 0 0 0 1533 233
1 0 0 0 1533 233
1 0 0 0 1533 233
1 0 0 0 1533 233
1 0 0 0 1533 233
1 0 0 0 1533 233
1 0 0 0 1533 233
1 0 0 0 1533 233
1 0 0 0 1533 233
1 0 0 0 1533 233
1 0 0 0 1533 233
1 0 0 0 1533 233
1 0 0 0 1533 233
1 0 0 0 1533 233
1 0 0 0 1533 233
1 0 0 0 1533 233
1 0 0 0 1533 233
1 0 0 0 1533 233
1 0 0 0 1533 233
1 0 0 0 1533 233
1 0 0 0 1533 233
1 0 0 0 1533 233
1 0 0 0 1534 233
1 0 0 0 1534 233
1 0 0 0 1534 233
1 0 0 0 1534 233
1 0 0 0 1534 233
1 0 0 0 1534 233
1 0 0 0 1535 233
1 0 0 0 1535 233
1 0 0 0 1537 233
1 0 0 0 1538 233
1 0 0 0 1538 233
1 0 0 0 1538 233
1 0 0 0 1541 233
1 0 0 0 1541 234
1 0 0 0 1542 234
1 0 0 0 1542 234
1 0 0 0 1542 234
1 0 0 0 1544 234
1 0 0 0 1544 234
1 0 0 0 1544 236
1 0 0 0 1544 236
1 0 0 0 1545 237
1 0 0 0 1547 239
1 0 0 0 1548 239
1 0 0 0 1549 240
1 0 0 0 1549 242
1 0 0 0 1552 243
1 0 0 0 1554 244
1 0 0 0 1555 246
1 0 0 0 1558 246
1 0 0 0 1561 249
1 0 0 0 1561 249
1 0 0 0 1561 249
1 0 0 0 1561 249
1 0 0 0 1561 249
1 0 0 0 1564 250
1 0 0 0 1567 251
1 0 0 0 1568 251
1 0 0 0 1568 251
1 0 0 0 1569 251
1 0 0 0 1571 251
1 0 0 0 1574 251
1 0 0 0 1574 251
1 0 0 0 1577 251
1 0 0 0 1581 249
1 0 0 0 1582 249
1 0 0 0 1585 247
1 0 0 0 1585 247
1 0 0 0 1587 245
1 0 0 0 1588 244
1 0 0 0 1588 242
1 0 0 0 1590 238
1 0 0 0 1593 232
1 0 0 0 1594 227
1 0 0 0 1596 224
1 0 0 0 1597 220
1 0 0 0 1599 215
1 0 0 0 1599 214
1 0 0 0 1599 212
1 0 0 0 1599 210
1 0 0 0 1600 207
1 0 0 0 1601 202
1 0 0 0 1601 199
1 0 0 0 1603 197
1 0 0 0 1603 196
1 0 0 0 1604 195
1 0 0 0 1604 195
1 0 0 0 1604 193
1 0 0 0 1606 190
1 0 0 0 1606 189
1 0 0 0 1606 189
1 0 0 0 1606 189
1 0 0 0 1606 189
1 0 0 0 1606 189
1 0 0 0 1606 189
1 0 0 0 1606 189
1 0 0 0 1606 189
1 0 0 0 1606 189
1 0 0 0 1606 189
1 0 0 0 1606 189
1 0 0 0 1606 189
1 0 0 0 1606 189
1 0 0 0 1606 189
1 0 0 0 1606 189
1 0 0 0 1606 189
1 0 0 0 1606 189
1 0 0 0 1606 189
1 0 0 0 1606 189
1 0 0 0 1606 189
1 0 0 0 1606 189
1 0 0 0 1606 189
1 0 0 0 1606 189
1 0 0 0 1606 189
1 0 0 0 1606 189
1 0 0 0 1606 189
1 0 0 0 1606 189
1 0 0 0 1606 189
1 0 0 0 1606 189
1 0 0 0 1606 189
1 0 0 0 1606 189
1 0 0 0 1606 189
1 0 0 0 1607 188
1 0 0 0 1607 188
1 0 0 0 1610 186
1 0 0 0 1611 186
1 0 0 0 1611 186
1 0 0 0 1611 186
1 0 0 0 1611 186
1 0 0 0 1611 186
1 0 0 0 1613 185
1 0 0 0 1614 185
1 0 0 0 1616 183
1 0 0 0 1617 182
1 0 0 0 1620 180
1 0 0 0 1620 180
1 0 0 0 1621 179
1 0 0 0 1626 179
1 0 0 0 1630 178
1 0 0 0 1638 176
1 0 0 0 1643 176
1 0 0 0 1647 176
1 0 0 0 1652 175
1 0 0 0 1653 175
1 0 0 0 1654 175
1 0 0 0 1654 175
1 0 0 0 1654 175
1 0 0 0 1654 175
1 0 0 0 1654 175
1 0 0 0 1654 175
1 0 0 0 1654 175
1 0 0 0 1654 175
1 0 0 0 1654 175
1 0 0 0 1654 175
1 0 0 0 1654 175
1 0 0 0 1654 175
1 0 0 0 1654 175
1 0 0 0 1654 175
1 0 0 0 1654 175
1 0 0 0 1654 175
1 0 0 0 1656 175
1 0 0 0 1656 175
1 0 0 0 1657 175
1 0 0 0 1660 175
1 0 0 0 1663 175
1 1 0 0 1667 175
1 1 0 0 1670 175
1 1 0 0 1673 175
1 1 0 0 1673 175
1 1 0 0 1676 175
1 1 0 0 1682 175
1 1 0 0 1686 175
1 1 0 0 1691 175
1 1 0 0 1700 177
1 1 0 0 1709 179
0 1 0 0 1714 179
0 1 0 0 1723 180
0 1 0 0 1735 184
0 1 0 0 1744 186
0 1 0 0 1753 186
0 1 0 0 1761 187
0 1 0 0 1770 189
0 1 0 0 1777 191
0 1 0 0 1788 192
0 1 0 0 1797 194
0 1 0 0 1804 194
0 1 0 0 1815 196
0 1 0 0 1821 197
0 1 0 0 1829 199
0 1 0 0 1836 199
0 1 0 0 1839 201
0 1 0 0 1840 201
0 1 0 0 1843 201
0 1 0 0 1852 204
0 1 0 0 1855 205
0 1 0 0 1862 207
0 1 0 0 1873 209
0 1 0 0 1886 211
0 1 0 0 1898 213
0 1 0 0 1906 214
0 1 0 0 1912 216
0 1 0 0 1918 216
0 1 0 0 1928 216
0 1 0 0 1932 216
0 1 0 0 1937 216
0 1 0 0 1944 216
0 1 0 0 1953 216
0 1 0 0 1973 216
0 1 0 0 1973 216
0 1 0 0 1986 216
0 1 0 0 1991 216
0 1 0 0 1996 216
0 1 0 0 2000 216
0 1 0 0 2010 216
0 1 0 0 2015 216
0 1 0 0 2021 216
0 1 0 0 2022 216
0 1 0 0 2037 216
0 1 0 0 2040 216
0 1 0 0 2045 216
0 1 0 0 2051 216
0 1 0 0 2057 216
0 1 0 0 2063 216
0 1 0 0 2066 216
0 1 0 0 2069 216
0 1 0 0 2073 216
0 1 0 0 2082 214
0 1 0 0 2089 213
0 1 0 0 2092 213
0 1 0 0 2099 211
0 1 0 0 2103 211
0 1 0 0 2114 211
0 1 0 0 2120 211
0 1 0 0 2124 211
0 1 0 0 2130 211
0 1 0 0 2136 211
0 1 0 0 2143 211
0 1 0 0 2144 211
0 1 0 0 2148 211
0 1 0 0 2161 211
0 1 0 0 2164 211
0 1 0 0 2169 211
0 1 0 0 2173 211
0 1 0 0 2178 211
0 1 0 0 2180 211
0 1 0 0 2186 211
0 1 0 0 2191 211
0 1 0 0 2194 211
0 1 0 0 2198 211
0 1 0 0 2210 211
0 1 0 0 2216 211
0 1 0 0 2222 211
0 1 0 0 2228 211
0 1 0 0 2242 211
0 1 0 0 2244 211
0 1 0 0 2250 211
0 1 0 0 2256 211
0 1 0 0 2261 211
0 1 0 0 2265 211
0 1 0 0 2271 211
0 1 0 0 2273 211
0 1 0 0 2281 211
0 1 0 0 2297 211
0 1 0 0 2307 211
0 1 0 0 2316 211
0 1 0 0 2326 211
0 1 0 0 2334 211
0 1 0 0 2348 211
0 1 0 0 2357 211
0 1 0 0 2362 211
0 1 0 0 2370 211
0 1 0 0 2379 211
0 1 0 0 2390 211
0 1 0 0 2398 211
0 1 0 0 2409 211
0 1 0 0 2420 211
0 1 0 0 2428 211
0 1 0 0 2436 211
0 1 0 0 2445 211
0 1 0 0 2461 211
0 1 0 0 2461 211
0 1 0 0 2487 211
0 1 0 0 2507 211
0 1 0 0 2510 209
0 1 0 0 2526 207
0 1 0 0 2550 205
0 1 0 0 2566 205
0 1 0 0 2576 205
0 1 0 0 2586 205
0 1 0 0 2605 205
0 1 0 0 2616 205
0 1 0 0 2631 205
0 1 0 0 2647 205
0 1 0 0 2660 203
0 1 0 0 2680 201
0 1 0 0 2700 199
0 1 0 0 2720 196
0 1 0 0 2754 196
0 1 0 0 2769 196
0 1 0 0 2780 196
0 1 0 0 2787 196
0 1 0 0 2814 196
0 1 0 0 2827 194
0 1 0 0 2837 194
0 1 0 0 2853 192
0 1 0 0 2871 190
0 1 0 0 2891 190
0 1 0 0 2940 190
0 1 0 0 2969 185
0 1 0 0 2993 181
0 1 0 0 2998 179
0 1 0 0 3028 174
0 1 0 0 3054 170
0 1 0 0 3063 169
0 1 0 0 3070 167
0 1 0 0 3074 165
0 1 0 0 3079 164
0 1 0 0 3082 162
0 1 0 0 3085 161
0 1 1 0 3090 156
0 1 1 0 3104 147
0 1 1 0 3114 138
0 1 1 0 3128 132
0 1 1 0 3145 125
0 1 1 0 3156 119
0 1 0 0 3174 110
0 1 0 0 3222 90
0 1 0 0 3251 78
0 1 0 0 3281 66
0 1 0 0 3320 48
0 1 0 0 3342 41
0 1 0 0 3361 33
0 0 0 0 3377 28
0 0 0 0 3380 28
0 0 0 0 3396 25
0 0 0 0 3405 23
0 0 0 0 3407 22
0 0 0 0 3408 20
0 0 0 0 3409 20
0 0 0 0 3412 19
0 0 0 0 3414 19
0 0 0 0 3416 17
0 0 0 0 3421 17
0 0 0 0 3430 13
0 0 0 0 3439 9
0 0 0 0 3446 7
0 0 0 0 3451 6
0 0 0 0 3455 4
0 0 0 0 3458 4
0 0 0 0 3463 4
0 0 0 0 3465 4
0 0 0 0 3468 3
0 0 0 0 3470 3
0 0 0 0 3473 3
0 0 0 0 3479 3
0 0 0 0 3483 3
0 0 0 0 3488 3
0 0 0 0 3493 3
0 0 0 0 3497 3
0 0 0 0 3509 1
0 0 0 0 3510 1
0 0 0 0 3517 1
0 0 0 0 3520 1
0 0 0 0 3524 1
0 0 0 0 3529 1
0 0 0 0 3532 0
0 0 0 0 3535 0
0 0 0 0 3544 0
0 0 0 0 3548 -2
0 0 0 0 3555 -3
0 0 0 0 3563 -3
0 0 0 0 3569 -5
0 0 0 0 3574 -7
0 0 0 0 3585 -7
0 0 0 0 3604 -11
0 0 0 0 3615 -13
0 0 0 0 3628 -16
0 0 0 0 3637 -16
0 0 0 0 3645 -18
0 0 0 0 3652 -20
0 0 0 0 3655 -20
0 0 0 0 3664 -20
0 0 0 0 3675 -20
0 0 0 0 3678 -20
0 0 0 0 3684 -20
0 0 0 0 3690 -20
0 0 0 0 3697 -20
0 0 0 0 3703 -20
0 0 0 0 3712 -20
0 0 0 0 3712 -20
0 0 0 0 3719 -20
0 0 0 0 3726 -20
0 0 0 0 3732 -20
0 0 0 0 3738 -20
0 0 0 0 3742 -20
0 0 0 0 3750 -20
0 0 0 0 3755 -19
0 0 0 0 3761 -19
0 0 0 0 3763 -19
0 0 0 0 3769 -18
0 0 0 0 3771 -18
0 0 0 0 3771 -18
0 0 0 0 3773 -18
0 0 0 0 3773 -18
0 0 0 0 3773 -18
0 0 0 0 3773 -18
0 0 0 0 3773 -18
0 0 0 0 3773 -18
0 0 0 0 3773 -18
0 0 0 0 3773 -18
0 0 0 0 3773 -18
0 0 0 0 3773 -18
0 0 0 0 3773 -18
0 0 0 0 3773 -18
0 0 0 0 3773 -18
0 0 0 0 3773 -18
0 0 0 0 3773 -16
0 0 0 0 3773 -16
0 0 0 0 3773 -16
0 0 0 0 3772 -15
0 0 0 0 3771 -14
0 0 0 0 3770 -12
0 0 0 0 3770 -12
0 0 0 0 3770 -12
0 0 0 0 3767 -9
0 0 0 0 3767 -8
0 0 0 0 3764 -7
0 0 0 0 3761 -4
0 0 0 0 3760 -2
0 0 0 0 3757 -1
0 0 0 0 3755 1
0 0 0 0 3753 2
0 0 0 0 3750 3
0 0 0 0 3748 5
0 0 0 0 3747 5
0 0 0 0 3741 11
0 0 0 0 3738 12
0 0 0 0 3735 15
0 0 0 0 3730 18
0 0 0 0 3726 21
0 0 0 0 3721 23
0 0 0 0 3716 26
0 0 0 0 3715 28
0 0 0 0 3709 31
0 0 0 0 3708 31
0 0 0 0 3702 33
0 0 0 0 3699 35
0 0 0 0 3692 37
0 0 0 0 3686 40
0 0 0 0 3679 41
0 0 0 0 3672 45
0 0 0 0 3662 50
0 0 0 0 3650 56
0 0 0 0 3638 64
0 0 0 0 3621 76
0 0 0 0 3605 82
0 0 0 0 3588 88
0 0 0 0 3579 94
0 0 0 0 3570 97
0 0 0 0 3566 101
0 0 0 0 3561 102
0 0 0 0 3557 104
0 0 0 0 3548 107
0 0 0 0 3542 110
0 0 0 0 3529 116
0 0 0 0 3518 119
0 0 0 0 3501 128
0 0 0 0 3495 129
0 0 0 0 3491 131
0 0 0 0 3484 134
0 0 0 0 3478 135
0 0 0 0 3476 137
0 0 0 0 3473 138
0 0 0 0 3470 141
0 0 0 0 3469 141
0 0 0 0 3466 143
0 0 0 0 3462 145
0 0 0 0 3450 152
0 0 0 0 3449 152
0 0 0 0 3444 155
0 0 0 0 3441 156
0 0 0 0 3439 158
0 0 0 0 3436 159
0 0 0 0 3431 161
0 0 0 0 3429 162
0 0 0 0 3426 163
0 0 0 0 3424 165
0 0 0 0 3420 166
0 0 0 0 3415 168
0 0 0 0 3406 173
0 0 0 0 3403 174
0 0 0 0 3398 176
0 0 0 0 3392 179
0 0 0 0 3387 182
0 0 0 0 3381 183
0 0 0 0 3375 185
0 0 0 0 3363 191
0 0 0 0 3358 193
0 0 0 0 3354 194
0 0 0 0 3349 196
0 0 0 0 3348 196
0 0 0 0 3344 199
0 0 0 0 3340 200
0 0 0 0 3329 205
0 0 0 0 3321 208
0 0 0 0 3317 210
0 0 0 0 3312 212
0 0 0 0 3306 215
0 0 0 0 3300 217
0 0 0 0 3290 220
0 0 0 0 3285 222
0 0 0 0 3280 223
0 0 0 0 3276 225
0 0 0 0 3269 227
0 0 0 0 3268 228
0 0 0 0 3262 228
0 0 0 0 3253 229
0 0 0 0 3250 231
0 0 0 0 3245 232
0 0 0 0 3241 234
0 0 0 0 3236 235
0 0 0 0 3235 237
0 0 0 0 3231 237
0 0 0 0 3226 238
0 0 0 0 3225 238
0 0 0 0 3214 243
0 0 0 0 3212 245
0 0 0 0 3208 245
0 0 0 0 3197 248
0 0 0 0 3194 249
0 0 0 0 3191 249
0 0 0 0 3189 249
0 0 0 0 3189 249
0 0 0 0 3187 251
0 0 0 0 3184 251
0 0 0 0 3181 252
0 0 0 0 3179 253
0 0 0 0 3176 253
0 0 0 0 3171 253
0 0 0 0 3168 255
0 0 0 0 3167 255
0 0 0 0 3158 257
0 0 0 0 3156 257
0 0 0 0 3152 257
0 0 0 0 3149 258
0 0 0 0 3144 259
0 0 0 0 3140 259
0 0 0 0 3136 261
0 0 0 0 3130 261
0 0 0 0 3125 262
0 0 0 0 3121 262
0 0 0 0 3114 264
0 0 0 0 3111 264
0 0 0 0 3102 266
0 0 0 0 3098 267
0 0 0 0 3091 267
0 0 0 0 3088 269
0 0 0 0 3085 269
0 0 0 0 3082 270
0 0 0 0 3080 270
0 0 0 0 3070 272
0 0 0 0 3069 273
0 0 0 0 3064 275
0 0 0 0 3060 275
0 0 0 0 3053 276
0 0 0 0 3049 276
0 0 0 0 3041 280
0 0 0 0 3041 280
0 0 0 0 3028 283
0 0 0 0 3026 283
0 0 0 0 3020 286
0 0 0 0 3008 290
0 0 0 0 2992 293
0 0 0 0 2977 295
0 0 0 0 2963 297
0 0 0 0 2950 299
0 0 0 0 2939 303
0 0 0 0 2931 304
0 0 0 0 2910 308
0 0 0 0 2906 308
0 0 0 0 2888 312
0 0 0 0 2877 314
0 0 0 0 2869 318
0 0 0 0 2864 319
0 0 0 0 2861 319
0 0 0 0 2861 319
0 0 0 0 2861 319
0 0 0 0 2858 319
0 0 0 0 2855 322
0 0 0 0 2849 325
0 0 0 0 2843 328
0 0 0 0 2837 330
0 0 0 0 2811 337
0 0 0 0 2811 337
0 0 0 0 2803 339
0 0 0 0 2798 340
0 0 0 0 2792 342
0 0 0 0 2789 343
0 0 0 0 2788 345
0 0 0 0 2783 346
0 0 0 0 2775 349
0 0 0 0 2774 349
0 0 0 0 2774 351
0 0 0 0 2773 351
0 0 0 0 2771 352
0 0 0 0 2770 355
0 0 0 0 2765 360
0 0 0 0 2765 360
0 0 0 0 2764 363
0 0 0 0 2759 367
0 0 0 0 2758 371
0 0 0 0 2755 375
0 0 0 0 2751 378
0 0 0 0 2749 381
0 0 0 0 2743 385
0 0 0 0 2743 387
0 0 0 0 2742 387
0 0 0 0 2740 388
0 0 0 0 2737 389
0 0 0 0 2736 391
0 0 0 0 2733 394
0 0 0 0 2727 398
0 0 0 0 2720 403
0 0 0 0 2717 405
0 0 0 0 2710 410
0 0 0 0 2700 419
0 0 0 0 2698 419
0 0 0 0 2697 421
0 0 0 0 2694 422
0 0 0 0 2691 424
0 0 0 0 2686 428
0 0 0 0 2682 432
0 0 0 0 2679 433
0 0 0 0 2671 440
0 0 0 0 2651 456
0 0 0 0 2639 464
0 0 0 0 2630 472
0 0 0 0 2623 477
0 0 0 0 2615 482
0 0 0 0 2612 483
0 0 0 0 2611 483
0 0 0 0 2608 486
0 0 0 0 2605 487
0 0 0 0 2593 494
0 0 0 0 2584 501
0 0 0 0 2572 511
0 0 0 0 2559 519
0 0 0 0 2552 525
0 0 0 0 2540 533
0 0 0 0 2539 534
0 0 0 0 2536 536
0 0 0 0 2535 537
0 0 0 0 2533 539
0 0 0 0 2532 539
0 0 0 0 2530 541
0 0 0 0 2522 545
0 0 0 0 2505 554
0 0 0 0 2494 560
0 0 0 0 2479 566
0 0 0 0 2474 568
0 0 0 0 2464 573
0 0 0 0 2460 575
0 0 0 0 2457 575
0 0 0 0 2455 576
0 0 0 0 2454 578
0 0 0 0 2453 578
0 0 0 0 2451 578
0 0 0 0 2443 581
0 0 0 0 2431 583
0 0 0 0 2413 585
0 0 0 0 2402 587
0 0 0 0 2396 589
0 0 0 0 2392 589
0 0 0 0 2392 589
0 0 0 0 2392 589
0 0 0 0 2392 589
0 0 0 0 2391 590
0 0 0 0 2386 590
0 0 0 0 2383 590
0 0 0 0 2379 591
0 0 0 0 2376 591
0 0 0 0 2375 591
0 0 0 0 2366 593
0 0 0 0 2356 595
0 0 0 0 2354 595
0 0 0 0 2351 595
0 0 0 0 2351 595
0 0 0 0 2351 595
0 0 0 0 2351 595
0 0 0 0 2351 595
0 0 0 0 2351 595
0 0 0 0 2351 595
0 0 0 0 2351 595
0 0 0 0 2351 595
0 0 0 0 2351 595
0 0 0 0 2351 595
0 0 0 0 2351 595
0 0 0 0 2351 595
0 0 0 0 2351 595
0 0 0 0 2351 595
0 0 0 0 2351 595
0 0 0 0 2351 595
0 0 0 0 2351 595
0 0 0 0 2351 595
0 0 0 0 2351 595
0 0 0 0 2351 595
0 0 0 0 2351 595
0 0 0 0 2351 595
0 0 0 0 2351 595
0 0 0 0 2351 595
0 0 0 0 2351 595
0 0 0 0 2352 595
0 0 0 0 2352 594
0 0 0 0 2356 592
0 0 0 0 2359 592
0 0 0 0 2360 592
0 0 0 0 2363 592
0 0 0 0 2366 592
0 0 0 0 2369 590
0 0 0 0 2376 589
0 0 0 0 2379 589
0 0 0 0 2386 587
0 0 0 0 2387 587
0 0 0 0 2400 586
0 0 0 0 2404 584
0 0 0 0 2409 584
0 0 0 0 2419 582
0 0 0 0 2428 581
0 0 0 0 2433 581
0 0 0 0 2439 580
0 0 0 0 2466 576
0 0 0 0 2471 576
0 0 0 0 2492 571
0 0 0 0 2506 570
0 0 0 0 2527 566
0 0 0 0 2545 562
0 0 0 0 2548 562
0 0 0 0 2559 560
0 0 0 0 2568 558
0 0 0 0 2584 555
0 0 0 0 2591 553
0 0 0 0 2596 550
0 0 0 0 2601 550
0 0 0 0 2605 547
0 0 0 0 2622 543
0 0 0 0 2628 541
0 0 0 0 2639 536
0 0 0 0 2650 532
0 0 0 0 2667 526
0 0 0 0 2678 523
0 0 0 0 2681 521
0 0 0 0 2687 519
0 0 0 0 2700 515
0 0 0 0 2714 510
0 0 0 0 2715 509
0 0 0 0 2725 505
0 0 0 0 2732 503
0 0 0 0 2741 498
0 0 0 0 2756 491
0 0 0 0 2769 485
0 0 0 0 2780 481
0 0 0 0 2793 478
0 0 0 0 2796 476
0 0 0 0 2810 470
0 0 0 0 2823 465
0 0 0 0 2829 463
0 0 0 0 2831 462
0 0 0 0 2837 459
0 0 0 0 2840 457
0 0 0 0 2843 454
0 0 0 0 2849 453
0 0 0 0 2852 451
0 0 0 0 2859 448
0 0 0 0 2867 445
0 0 0 0 2876 441
0 0 0 0 2896 433
0 0 0 0 2907 427
0 0 0 0 2916 424
0 0 0 0 2925 420
0 0 0 0 2936 415
0 0 0 0 2942 411
0 0 0 0 2944 410
0 0 0 0 2955 402
0 0 0 0 2961 399
0 0 0 0 2966 396
0 0 0 0 2967 394
0 0 0 0 2974 391
0 0 0 0 2984 386
0 0 0 0 2992 381
0 0 0 0 3000 376
0 0 0 0 3013 367
0 0 0 0 3023 358
0 0 0 0 3032 352
0 0 0 0 3041 349
0 0 0 0 3051 343
0 0 0 0 3056 342
0 0 0 0 3059 342
0 0 0 0 3062 340
0 0 0 0 3066 339
0 0 0 0 3070 336
0 0 0 0 3073 335
0 0 0 0 3076 332
0 0 0 0 3081 329
0 0 0 0 3082 329
0 0 0 0 3090 324
0 0 0 0 3093 324
0 0 0 0 3112 318
0 0 0 0 3118 315
0 0 0 0 3124 313
0 0 0 0 3140 307
0 0 0 0 3159 298
0 0 0 0 3171 293
0 0 0 0 3180 287
0 0 0 0 3193 282
0 0 0 0 3195 282
0 0 0 0 3203 277
0 0 0 0 3216 272
0 0 0 0 3229 265
0 0 0 0 3238 261
0 0 0 0 3249 257
0 0 0 0 3252 255
0 0 0 0 3266 248
0 0 0 0 3277 242
0 0 0 0 3295 233
0 0 0 0 3298 231
0 0 0 0 3312 226
0 0 0 0 3318 224
0 0 0 0 3325 221
0 0 0 0 3331 218
0 0 0 0 3337 215
0 0 0 0 3343 211
0 0 0 0 3358 206
0 0 0 0 3365 202
0 0 0 0 3372 199
0 0 0 0 3377 197
0 0 0 0 3380 196
0 0 0 0 3384 194
0 0 0 0 3389 193
0 0 0 0 3396 190
0 0 0 0 3399 188
0 0 0 0 3402 187
0 0 0 0 3403 186
0 0 0 0 3405 186
0 0 0 0 3408 184
0 0 0 0 3410 183
0 0 0 0 3417 179
0 0 0 0 3426 176
0 0 0 0 3434 173
0 0 0 0 3435 172
0 0 0 0 3436 170
0 0 0 0 3439 169
0 0 0 0 3442 167
0 0 0 0 3448 164
0 0 0 0 3453 161
0 0 0 0 3457 158
0 0 0 0 3460 156
0 0 0 0 3462 155
0 0 0 0 3466 153
0 0 0 0 3467 152
0 0 0 0 3470 151
0 0 0 0 3475 148
0 0 0 0 3478 145
0 0 0 0 3484 140
0 0 0 0 3489 137
0 0 0 0 3489 137
0 0 0 0 3493 134
0 0 0 0 3498 133
0 0 0 0 3502 129
0 0 0 0 3508 125
0 0 0 0 3514 122
0 0 0 0 3514 122
0 0 0 0 3518 118
0 0 0 0 3521 116
0 0 0 0 3524 113
0 0 0 0 3527 112
0 0 0 0 3532 107
0 0 0 0 3535 106
0 0 0 0 3538 103
0 0 0 0 3542 100
0 0 0 0 3545 97
0 0 0 0 3548 96
0 0 0 0 3552 93
0 0 0 0 3554 92
0 0 0 0 3558 89
0 0 0 0 3561 85
0 0 0 0 3568 80
0 0 0 0 3571 79
0 0 0 0 3577 75
0 0 0 0 3583 71
0 0 0 0 3586 70
0 0 0 0 3588 67
0 0 0 0 3589 67
0 0 0 0 3592 64
0 0 0 0 3595 62
0 0 0 0 3598 61
0 0 0 0 3602 57
0 0 0 0 3605 55
0 0 0 0 3606 54
0 0 0 0 3608 52
0 0 0 0 3612 51
0 0 0 0 3617 48
0 0 0 0 3620 47
0 0 0 0 3626 42
0 0 0 0 3627 41
0 0 0 0 3629 41
0 0 0 0 3631 39
0 0 0 0 3635 36
0 0 0 0 3636 33
0 0 0 0 3641 30
0 0 0 0 3646 28
0 0 0 0 3646 26
0 0 0 0 3649 25
0 0 0 0 3653 20
0 0 0 0 3655 19
0 0 0 0 3658 16
0 0 0 0 3660 13
0 0 0 0 3663 12
0 0 0 0 3666 9
0 0 0 0 3670 6
0 0 0 0 3673 5
0 0 0 0 3676 3
0 0 0 0 3676 2
0 0 0 0 3679 1
0 0 0 0 3683 -2
0 0 0 0 3685 -4
0 0 0 0 3685 -4
0 0 0 0 3685 -4
0 0 0 0 3685 -5
0 0 0 0 3686 -5
0 0 0 0 3686 -5
0 0 0 0 3686 -5
0 0 0 0 3686 -5
0 0 0 0 3686 -5
0 0 0 0 3686 -5
0 0 0 0 3686 -5
0 0 0 0 3688 -7
0 0 0 0 3688 -7
0 0 0 0 3688 -7
0 0 0 0 3688 -7
0 0 0 0 3688 -7
0 0 0 0 3689 -7
0 0 0 0 3689 -8
0 0 0 0 3689 -8
0 0 0 0 3690 -8
0 0 0 0 3690 -9
0 0 0 0 3690 -9
0 0 0 0 3692 -9
0 0 0 0 3693 -11
0 0 0 0 3693 -11
0 0 0 0 3693 -11
0 0 0 0 3695 -12
0 0 0 0 3695 -12
0 0 0 0 3698 -15
0 0 0 0 3698 -15
0 0 0 0 3699 -16
0 0 0 0 3699 -16
0 0 0 0 3699 -16
0 0 0 0 3699 -16
0 0 0 0 3699 -16
0 0 0 0 3700 -18
0 0 0 0 3702 -19
0 0 0 0 3702 -19
0 0 0 0 3702 -19
0 0 0 0 3702 -19
0 0 0 0 3702 -19
0 0 0 0 3702 -19
0 0 0 0 3702 -19
0 0 0 0 3702 -19
0 0 0 0 3702 -19
0 0 0 0 3702 -19
0 0 0 0 3702 -19
0 0 0 0 3702 -19
0 0 0 0 3702 -19
0 0 0 0 3702 -19
0 0 0 0 3702 -19
0 0 0 0 3702 -19
0 0 0 0 3702 -19
0 0 0 0 3702 -19
0 0 0 0 3702 -19
